gc_iter	gc_defnew_start	gc_defnew_end	gc_defnew_all	gc_paus_time	gc_start_occ	gc_end_occ	gc_main_paus_time	
6.084	896	64	960	0.0037010	896	196	0.0037720
6.309	960	64	960	0.0047180	1092	348	0.0047850
6.610	960	64	960	0.0054940	1244	456	0.0055600
6.979	960	64	960	0.0041030	1352	626	0.0041770
7.190	960	64	960	0.0030750	1522	742	0.0031420
10.850	960	18	960	0.0013450	1638	759	0.0014110
20.098	914	64	960	0.0022260	1655	1196	0.0022970
20.104	960	63	960	0.0064770	2092	2090	0.0065460
20.112	959	63	960	0.0062680	2986	2982	0.0063360
20.119	959	63	960	0.0061440	3878	3874	0.0062120
20.319	895	63	960	0.0050100	5619	5609	0.0050790
20.326	959	63	960	0.0062880	6505	6503	0.0063560
20.341	959	63	960	0.0130700	7399	7396	0.0131380
20.355	959	63	960	0.0819830	8292	8289	0.0888980
20.453	1024	63	1088	0.0256460	9283	9281	0.0257140
20.582	1087	63	1088	0.0061330	10305	10295	0.0062010
20.590	1087	63	1088	0.0070350	11319	11317	0.0071210
20.599	1087	63	1088	0.0068900	12341	12339	0.0069570
20.614	1087	63	1088	0.0068790	13363	13362	0.0069470
20.924	1084	63	1088	0.0023230	14383	13623	0.0024000
20.928	1082	8	1088	0.0008080	14641	13621	0.0008660
20.931	1018	21	1088	0.0004890	14631	13634	0.0005490
20.933	1044	38	1088	0.0004920	14657	13650	0.0005730
20.935	1043	28	1088	0.0004740	14656	13640	0.0005320
20.937	1039	15	1088	0.0004500	14651	13628	0.0005090
20.939	1018	34	1088	0.0004750	14631	13646	0.0005320
20.941	1025	36	1088	0.0004850	14637	13648	0.0005660
20.943	1055	58	1088	0.0005210	14668	13670	0.0005810
20.945	1058	41	1088	0.0005110	14670	13653	0.0005720
20.947	1051	43	1088	0.0004870	14663	13655	0.0005460
20.955	1058	44	1088	0.0004940	14670	13679	0.0005520
20.957	1058	46	1088	0.0005850	14693	13705	0.0006450
20.959	1053	48	1088	0.0005040	14711	13706	0.0005630
20.961	1042	50	1088	0.0005340	14700	13708	0.0005930
20.963	1052	26	1088	0.0005620	14710	13684	0.0006210
20.965	1007	53	1088	0.0004800	14665	13711	0.0005370
20.967	1036	55	1088	0.0005190	14694	13713	0.0005760
20.969	1065	56	1088	0.0005070	14724	13715	0.0005660
20.972	1066	29	1088	0.0004710	14724	13687	0.0005290
20.974	1005	59	1088	0.0005160	14663	13717	0.0005750
20.976	1028	61	1088	0.0005250	14686	13719	0.0005870
20.983	1051	62	1088	0.0005260	14709	13720	0.0005850
20.985	1075	63	1088	0.0005080	14733	13722	0.0005670
20.989	1065	32	1088	0.0004170	14724	13690	0.0004750
20.997	1055	33	1088	0.0006060	14713	13757	0.0006680
20.999	1042	33	1088	0.1121340	14767	13792	0.1129150
21.114	1513	102	1728	0.0235840	15272	13861	0.0236560
21.140	1622	107	1728	0.0008750	15380	13933	0.0009430
21.144	1629	73	1728	0.0005450	15456	13899	0.0006060
21.146	1558	75	1728	0.0006050	15384	13901	0.0006690
21.156	1594	76	1728	0.0005200	15421	13903	0.0072380
21.158	1591	39	1728	0.0004950	15417	13865	0.0005540
21.161	1506	80	1728	0.0005340	15333	13906	0.0005960
21.164	1536	81	1728	0.0005520	15362	13907	0.0006130
21.167	1565	83	1728	0.0005600	15391	13909	0.0006190
21.170	1594	84	1728	0.0005320	15421	13911	0.0005910
21.173	1581	43	1728	0.0005190	15407	13869	0.0005780
21.176	1565	131	1728	0.0006720	15392	13957	0.0007380
21.179	1636	89	1728	0.0005670	15462	13915	0.0006280
21.182	1618	135	1728	0.0006570	15444	13962	0.0007220
21.184	1644	46	1728	0.0005030	15470	13872	0.0005620
21.187	1577	93	1728	0.0005790	15404	13919	0.0006400
21.190	1601	94	1728	0.0005680	15427	13921	0.0006300
21.193	1624	96	1728	0.0074970	15450	13922	0.0075690
21.203	1599	48	1728	0.0005140	15425	13875	0.0005750
21.206	1572	148	1728	0.0006590	15398	13974	0.0007230
21.209	1642	100	1728	0.0006130	15468	13926	0.0006740
21.211	1613	152	1728	0.0007110	15439	13978	0.0007770
21.215	1684	102	1728	0.0005850	15511	13929	0.0006830
21.217	1550	103	1728	0.0005940	15377	13930	0.0006550
21.220	1568	105	1728	0.0006090	15395	13931	0.0006700
21.230	1586	106	1728	0.0005670	15413	13932	0.0006310
21.233	1605	107	1728	0.0006380	15431	13933	0.0007010
21.236	1623	108	1728	0.0005980	15449	13935	0.0006590
21.239	1641	109	1728	0.0005820	15467	13936	0.0006440
21.242	1603	55	1728	0.0005140	15429	13882	0.0005730
21.244	1564	168	1728	0.0007950	15391	13994	0.0008630
21.248	1636	113	1728	0.0006030	15462	13939	0.0006660
21.251	1596	171	1728	0.0007110	15422	13997	0.0007770
21.260	1669	115	1728	0.0006150	15495	13941	0.0006760
21.264	1627	174	1728	0.0007440	15453	14001	0.0008110
21.267	1701	117	1728	0.0006120	15527	13944	0.0006740
21.270	1539	118	1728	0.0006160	15366	13945	0.0006790
21.273	1553	119	1728	0.0006390	15379	13946	0.0007010
21.276	1566	120	1728	0.0006250	15393	13947	0.0006880
21.286	1580	121	1728	0.0005260	15406	13948	0.0005960
21.289	1593	123	1728	0.0010640	15419	13949	0.0012260
21.292	1606	124	1728	0.0006270	15433	13950	0.0006890
21.295	1620	125	1728	0.0006300	15446	13951	0.0006930
21.298	1633	126	1728	0.0006280	15460	13952	0.0006920
21.301	1647	127	1728	0.0006320	15473	13953	0.0006950
21.304	1660	128	1728	0.0006320	15486	13954	0.0006950
21.307	1609	64	1728	0.0005290	15435	13891	0.0005890
21.310	1557	130	1728	0.0008150	15383	14021	0.0008840
21.313	1568	131	1728	0.0006410	15459	14022	0.0007040
21.316	1645	66	1728	0.0005400	15537	13957	0.0006320
21.319	1592	132	1728	0.0008390	15483	14090	0.0009080
21.329	1603	134	1728	0.0007600	15561	14091	0.0008280
21.332	1614	134	1728	0.0008370	15572	14160	0.0009060
21.335	1626	135	1728	0.0006340	15651	14161	0.0006980
21.338	1637	136	1728	0.0010350	15662	14230	0.0011080
21.342	1648	137	1728	0.0006510	15742	14231	0.0007140
21.345	1660	138	1728	0.0008950	15753	14301	0.0009650
21.348	1671	139	1728	0.0006560	15834	14302	0.0007210
21.358	1542	140	1728	0.0006520	15705	14303	0.0007170
21.361	1551	141	1728	0.0006930	15714	14304	0.0007590
21.364	1561	142	1728	0.0006580	15724	14305	0.0007240
21.367	1570	143	1728	0.0006640	15733	14306	0.0007280
21.370	1580	143	1728	0.0006280	15743	14306	0.0006890
21.373	1589	144	1728	0.0006350	15752	14307	0.0007010
21.376	1599	145	1728	0.0006680	15762	14308	0.0007310
21.386	1608	146	1728	0.0006630	15771	14309	0.0007290
21.389	1618	147	1728	0.0006980	15781	14310	0.0007650
21.392	1627	148	1728	0.0006720	15790	14311	0.0007370
21.395	1637	149	1728	0.0006720	15799	14312	0.0007390
21.398	1646	150	1728	0.0006760	15809	14312	0.0007430
21.401	1655	150	1728	0.0008770	15818	14313	0.0009500
21.404	1665	151	1728	0.0006840	15828	14314	0.0007470
21.414	1674	152	1728	0.0006780	15837	14315	0.0007440
21.417	1684	153	1728	0.0007260	15847	14316	0.0007910
21.420	1616	77	1728	0.0005600	15779	14240	0.0006220
21.423	1548	154	1728	0.0008910	15711	14395	0.0009610
21.426	1555	155	1728	0.0006940	15796	14396	0.0007580
21.429	1641	78	1728	0.0005450	15882	14318	0.0006060
21.432	1572	157	1728	0.0011030	15812	14476	0.0011740
21.435	1579	158	1728	0.0007140	15898	14477	0.0007780
21.439	1667	79	1728	0.0005570	15986	14398	0.0006180
21.442	1596	159	1728	0.0009570	15915	14558	0.0010270
21.445	1603	160	1728	0.0007330	16002	14559	0.0007990
21.448	1692	80	1728	0.0005760	16091	14479	0.0006380
21.457	1458	162	1728	0.0007010	15857	14561	0.0007680
21.460	1627	162	1728	0.0011000	16026	14643	0.0011700
21.464	1634	163	1728	0.0007010	16115	14644	0.0007670
21.467	1642	164	1728	0.0009690	16123	14727	0.0010400
21.470	1650	165	1728	0.0007050	16212	14727	0.0007710
21.474	1658	165	1728	0.0009530	16220	14811	0.0010250
21.477	1665	166	1728	0.0071290	16311	14812	0.0072000
21.486	1673	167	1728	0.0009660	16319	14896	0.0010370
21.490	1681	168	1728	0.0007070	16410	14897	0.0007730
21.493	1688	169	1728	0.0010310	16418	14982	0.0011030
21.497	1696	169	1728	0.0008130	16510	14983	0.0008840
21.500	1704	170	1728	0.0009920	16518	15069	0.0010610
21.503	1626	85	1728	0.0005870	16525	14984	0.0006480
21.513	1618	96	1728	0.0006970	16517	14995	0.0007580
21.516	1624	30	1728	0.0007450	16523	15015	0.0008080
21.519	1562	40	1728	0.0005050	16547	15025	0.0005650
21.522	1570	32	1728	0.0004770	16555	15017	0.0005360
21.525	1553	18	1728	0.0005230	16538	15003	0.0005840
21.527	1531	41	1728	0.0005370	16516	15026	0.0005990
21.531	1574	22	1728	0.0004590	16560	15007	0.0005180
21.539	1543	48	1728	0.0004810	16528	15033	0.0005390
21.542	1551	51	1728	0.0005150	16536	15036	0.0005750
21.545	1538	54	1728	0.0006380	16523	15039	0.0006990
21.548	1566	85	1728	0.0005760	16551	15071	0.0006370
21.551	1614	90	1728	0.0005790	16599	15075	0.0006400
21.554	1596	31	1728	0.0004810	16581	15016	0.0005410
21.556	1535	97	1728	0.0005870	16520	15082	0.0006740
21.559	1626	67	1728	0.0005460	16611	15052	0.0006070
21.562	1582	69	1728	0.0005290	16567	15055	0.0005900
21.565	1599	36	1728	0.0004800	16584	15021	0.0005380
21.568	1539	74	1728	0.0005530	16525	15059	0.0006140
21.571	1584	76	1728	0.0006370	16569	15061	0.0006990
21.574	1589	39	1728	0.0004940	16574	15024	0.0005530
21.577	1511	80	1728	0.0069710	16496	15065	0.0070450
21.586	1547	82	1728	0.0005670	16532	15067	0.0006270
21.589	1583	84	1728	0.0005510	16568	15069	0.0006140
21.592	1619	86	1728	0.0005740	16605	15071	0.0006340
21.595	1611	44	1728	0.0005040	16597	15029	0.0006480
21.598	1512	89	1728	0.0005610	16497	15074	0.0006210
21.600	1540	91	1728	0.0005760	16526	15076	0.0006370
21.610	1569	93	1728	0.0005580	16554	15078	0.0006200
21.613	1598	94	1728	0.0008700	16583	15080	0.0009380
21.616	1627	96	1728	0.0005980	16612	15081	0.0006600
21.619	1606	49	1728	0.0005100	16591	15034	0.0005720
21.622	1584	149	1728	0.0006830	16569	15134	0.0007500
21.624	1659	101	1728	0.0006120	16644	15086	0.0006750
21.627	1635	154	1728	0.0007040	16620	15139	0.0007690
21.637	1659	52	1728	0.0005450	16644	15037	0.0006080
21.640	1579	106	1728	0.0005920	16565	15091	0.0006560
21.643	1602	107	1728	0.0006020	16587	15092	0.0006650
21.646	1624	108	1728	0.0008330	16609	15094	0.0009020
21.649	1591	55	1728	0.0005200	16576	15040	0.0005810
21.652	1556	167	1728	0.0007310	16541	15152	0.0007990
21.655	1631	113	1728	0.0005910	16616	15098	0.0006520
21.658	1594	171	1728	0.0007310	16580	15156	0.0007970
21.661	1671	115	1728	0.0006180	16656	15101	0.0007040
21.664	1633	175	1728	0.0007390	16618	15160	0.0008070
21.667	1711	118	1728	0.0006260	16696	15103	0.0006880
21.677	1551	119	1728	0.0006470	16537	15105	0.0007130
21.680	1568	121	1728	0.0006270	16553	15106	0.0006910
21.683	1584	122	1728	0.0006290	16569	15107	0.0006930
21.686	1601	123	1728	0.0006010	16586	15108	0.0006650
21.689	1617	125	1728	0.0015400	16602	15110	0.0016080
21.693	1634	126	1728	0.0006670	16619	15111	0.0007320
21.696	1650	127	1728	0.0006300	16635	15112	0.0006930
21.705	1602	64	1728	0.0005320	16587	15049	0.0005980
21.708	1553	129	1728	0.0008320	16538	15179	0.0009020
21.711	1567	131	1728	0.0007400	16617	15181	0.0008070
21.715	1647	66	1728	0.0005190	16697	15116	0.0005800
21.718	1596	133	1728	0.0008050	16646	15250	0.0008740
21.721	1610	134	1728	0.0007700	16727	15251	0.0008360
21.724	1624	135	1728	0.0008490	16741	15320	0.0009180
21.727	1638	137	1728	0.0006600	16822	15321	0.0007240
21.730	1652	138	1728	0.0008520	16836	15391	0.0009230
21.734	1666	139	1728	0.0006640	16919	15393	0.0007270
21.736	1539	140	1728	0.0006550	16793	15394	0.0007440
21.740	1551	141	1728	0.0006560	16804	15395	0.0007190
21.749	1562	142	1728	0.0006680	16816	15396	0.0007580
21.752	1574	143	1728	0.0006750	16828	15397	0.0007380
21.755	1586	144	1728	0.0006600	16839	15398	0.0007220
21.758	1597	145	1728	0.0006580	16851	15399	0.0007230
21.761	1609	146	1728	0.0007710	16862	15400	0.0008380
21.764	1620	147	1728	0.0006800	16874	15401	0.0007430
21.767	1632	148	1728	0.0006820	16886	15402	0.0007470
21.777	1644	149	1728	0.0006710	16897	15403	0.0007390
21.780	1655	150	1728	0.0006830	16909	15404	0.0007470
21.783	1667	152	1728	0.0006930	16920	15405	0.0007590
21.787	1678	153	1728	0.0006860	16932	15406	0.0007520
21.790	1613	77	1728	0.0005540	16867	15330	0.0006130
21.792	1546	154	1728	0.0009570	16800	15486	0.0010280
21.796	1556	156	1728	0.0006910	16887	15487	0.0007550
21.806	1644	78	1728	0.0005540	16975	15409	0.0006150
21.809	1576	157	1728	0.0011360	16907	15567	0.0012070
21.812	1585	158	1728	0.0006890	16996	15569	0.0007550
21.815	1675	80	1728	0.0005700	17085	15490	0.0006310
21.818	1606	160	1728	0.0009670	17016	15651	0.0010380
21.822	1615	161	1728	0.0006620	17105	15652	0.0007250
21.825	1624	162	1728	0.0076390	17115	15734	0.0077110
21.835	1634	163	1728	0.0007070	17206	15735	0.0007740
21.838	1643	164	1728	0.0010530	17215	15818	0.0011230
21.842	1653	165	1728	0.0007260	17307	15819	0.0008240
21.845	1662	166	1728	0.0010830	17317	15903	0.0011540
21.848	1672	167	1728	0.0007230	17409	15905	0.0007890
21.851	1681	168	1728	0.0009820	17419	15990	0.0010530
21.855	1691	169	1728	0.0007170	17513	15991	0.0007850
21.858	1700	170	1728	0.0009950	17522	16077	0.0010640
21.861	1624	85	1728	0.0006810	17531	15992	0.0007410
21.864	1547	172	1728	0.0007820	17454	16079	0.0008510
21.867	1555	173	1728	0.0007500	17462	16079	0.0008160
21.877	1562	173	1728	0.0007440	17469	16080	0.0008110
21.880	1570	174	1728	0.0007370	17477	16081	0.0008400
21.883	1578	175	1728	0.0007550	17484	16082	0.0008220
21.887	1585	176	1728	0.0007290	17492	16083	0.0007960
21.890	1593	177	1728	0.0007590	17500	16084	0.0008250
21.893	1600	178	1728	0.0007740	17507	16084	0.0008420
21.896	1608	179	1728	0.0007490	17515	16085	0.0008150
21.906	1616	179	1728	0.0007440	17522	16086	0.0008120
21.909	1623	180	1728	0.0009510	17530	16087	0.0010220
21.913	1631	181	1728	0.0007900	17538	16088	0.0008590
21.916	1638	182	1728	0.0007610	17545	16089	0.0008280
21.919	1646	183	1728	0.0007590	17553	16090	0.0008250
21.922	1654	184	1728	0.0007790	17560	16090	0.0008460
21.932	1661	184	1728	0.0006730	17568	16091	0.0007400
21.935	1669	185	1728	0.0007780	17575	16092	0.0008450
21.939	1676	186	1728	0.0008680	17583	16093	0.0009380
21.942	1684	187	1728	0.0007800	17591	16094	0.0008480
21.945	1691	188	1728	0.0007810	17598	16095	0.0008480
21.948	1699	189	1728	0.0008180	17606	16095	0.0008870
21.952	1707	189	1728	0.0007440	17613	16096	0.0008130
21.962	1714	190	1728	0.0007690	17621	16097	0.0008390
21.965	1722	191	1728	0.0007600	17629	16098	0.0008280
21.968	1633	96	1728	0.0006410	17540	16003	0.0007030
21.971	1544	96	1728	0.0011500	17451	16196	0.0012220
21.975	1453	97	1728	0.0008460	17553	16293	0.0009160
21.978	1556	97	1728	0.0006050	17753	16294	0.0006670
21.981	1562	97	1728	0.0011470	17759	16489	0.0012190
21.985	1471	98	1728	0.0008760	17863	16588	0.0009460
21.988	1575	98	1728	0.0006080	18065	16589	0.0006680
21.998	1581	98	1728	0.0010520	18071	16787	0.0011230
22.001	1488	99	1728	0.0008920	18176	16886	0.0009620
22.004	1593	99	1728	0.0006200	18380	16887	0.0006830
22.007	1599	100	1728	0.0011500	18387	17087	0.0012190
22.011	1505	100	1728	0.0009520	18493	17188	0.0010220
22.014	1612	100	1728	0.0006300	18700	17188	0.0006920
22.017	1618	101	1728	0.0011950	18706	17391	0.0012670
22.020	1523	101	1728	0.0009930	18813	17493	0.0010630
22.024	1630	102	1728	0.0006390	19022	17493	0.0007010
22.033	1637	102	1728	0.0010960	19028	17698	0.0011660
22.037	1540	102	1728	0.0011390	19137	17802	0.0012110
22.040	1546	103	1728	0.0012040	19245	18008	0.0012730
22.044	1551	103	1728	0.0009800	19457	18112	0.0010500
22.047	1557	103	1728	0.0012700	19566	18320	0.0013410
22.051	1562	104	1728	0.0008870	19779	18425	0.0009570
22.061	1568	104	1728	0.0013110	19889	18634	0.0014050
22.065	1573	105	1728	0.0010630	20103	18740	0.0011340
22.068	1579	105	1728	0.0012310	20214	18950	0.0013020
22.072	1640	112	1728	0.0007060	20486	18958	0.0007680
22.075	1648	34	1728	0.0007800	20494	18985	0.0008420
22.078	1564	14	1728	0.0004700	20515	18965	0.0005300
22.081	1538	17	1728	0.0005010	20490	18968	0.0005610
22.083	1550	19	1728	0.0004790	20501	18970	0.0005380
22.086	1546	63	1728	0.0005580	20497	19014	0.0006180
22.089	1576	69	1728	0.0101920	20527	19020	0.0102630
22.101	1604	74	1728	0.0005750	20555	19025	0.0006360
22.104	1610	78	1728	0.0005590	20561	19030	0.0006160
22.107	1598	83	1728	0.0005870	20549	19034	0.0006510
22.110	1597	29	1728	0.0004810	20548	18980	0.0005410
22.113	1556	91	1728	0.0006250	20507	19042	0.0006890
22.124	1623	31	1728	0.0004960	20574	18983	0.0005560
22.126	1560	99	1728	0.0006160	20511	19050	0.0006790
22.129	1617	34	1728	0.0004850	20568	18985	0.0005440
22.132	1535	106	1728	0.0006290	20486	19057	0.0006910
22.135	1619	73	1728	0.0005650	20570	19024	0.0006260
22.138	1557	75	1728	0.0005390	20508	19026	0.0005960
22.141	1601	77	1728	0.0005920	20552	19028	0.0006530
22.144	1606	39	1728	0.0004910	20557	18990	0.0005490
22.154	1527	81	1728	0.0006610	20478	19032	0.0007260
22.156	1563	83	1728	0.0005830	20514	19034	0.0006740
22.159	1599	85	1728	0.0005790	20550	19036	0.0006400
22.162	1592	43	1728	0.0005150	20543	18994	0.0005750
22.165	1494	88	1728	0.0006170	20445	19039	0.0006790
22.168	1613	135	1728	0.0006760	20564	19086	0.0007400
22.171	1644	46	1728	0.0005130	20595	18997	0.0006050
22.174	1537	47	1728	0.0005150	20488	18998	0.0005740
22.177	1564	47	1728	0.0015630	20516	18999	0.0016330
22.181	1544	145	1728	0.0007320	20495	19096	0.0007980
22.184	1617	98	1728	0.0006030	20569	19049	0.0006640
22.194	1594	150	1728	0.0007960	20545	19101	0.0008650
22.197	1670	102	1728	0.0007930	20621	19053	0.0008600
22.200	1541	103	1728	0.0006100	20493	19054	0.0006720
22.203	1564	104	1728	0.0006150	20515	19056	0.0006760
22.206	1586	106	1728	0.0005910	20537	19057	0.0006540
22.209	1608	107	1728	0.0006510	20559	19059	0.0007140
22.212	1630	109	1728	0.0006130	20581	19060	0.0006750
22.221	1597	55	1728	0.0005340	20548	19006	0.0005940
22.224	1562	168	1728	0.0007510	20513	19119	0.0008190
22.227	1637	113	1728	0.0007280	20588	19064	0.0007930
22.230	1600	172	1728	0.0007600	20551	19123	0.0008270
22.233	1677	116	1728	0.0006330	20628	19067	0.0006950
22.236	1639	176	1728	0.0008890	20590	19127	0.0009580
22.240	1657	59	1728	0.0005400	20608	19010	0.0006000
22.243	1557	120	1728	0.0006400	20508	19071	0.0007050
22.246	1573	121	1728	0.0006380	20524	19072	0.0007010
22.249	1590	122	1728	0.0006650	20541	19074	0.0007290
22.252	1606	124	1728	0.0006500	20557	19075	0.0007120
22.255	1623	125	1728	0.0006470	20574	19076	0.0007090
22.265	1639	126	1728	0.0006680	20590	19077	0.0007340
22.268	1656	127	1728	0.0006560	20607	19079	0.0007200
22.271	1607	64	1728	0.0005400	20559	19015	0.0006000
22.274	1558	130	1728	0.0008350	20509	19146	0.0009050
22.277	1572	131	1728	0.0007110	20588	19147	0.0007750
22.280	1652	66	1728	0.0005660	20668	19082	0.0006260
22.291	1601	133	1728	0.0008490	20617	19217	0.0009190
22.294	1615	135	1728	0.0007650	20698	19218	0.0008310
22.297	1629	136	1728	0.0011150	20712	19287	0.0012070
22.300	1643	137	1728	0.0007020	20794	19288	0.0007660
22.303	1657	138	1728	0.0012720	20808	19358	0.0013440
22.308	1671	139	1728	0.0077380	20891	19360	0.0078130
22.319	1544	140	1728	0.0006740	20764	19361	0.0007390
22.322	1555	141	1728	0.0006520	20776	19362	0.0007140
22.325	1567	142	1728	0.0007520	20787	19363	0.0008190
22.328	1579	143	1728	0.0006810	20799	19364	0.0007470
22.331	1590	145	1728	0.0006890	20811	19365	0.0007540
22.334	1602	146	1728	0.0006870	20822	19366	0.0007530
22.337	1613	147	1728	0.0008290	20834	19367	0.0008960
22.347	1625	148	1728	0.0006920	20845	19368	0.0007590
22.350	1637	149	1728	0.0006800	20857	19369	0.0007450
22.353	1648	150	1728	0.0007960	20869	19370	0.0008630
22.356	1660	151	1728	0.0007080	20880	19371	0.0007720
22.359	1671	152	1728	0.0007020	20892	19372	0.0007660
22.363	1683	153	1728	0.0007050	20903	19373	0.0007710
22.366	1617	77	1728	0.0005570	20838	19297	0.0006160
22.368	1551	155	1728	0.0009780	20771	19453	0.0010500
22.372	1560	156	1728	0.0007140	20858	19454	0.0007790
22.375	1648	78	1728	0.0005790	20946	19376	0.0006390
22.385	1580	158	1728	0.0009770	20878	19535	0.0010480
22.388	1590	159	1728	0.0007160	20967	19536	0.0007810
22.391	1679	80	1728	0.0005950	21057	19457	0.0006960
22.395	1610	161	1728	0.0009660	20987	19619	0.0010370
22.398	1619	162	1728	0.0007320	21077	19620	0.0007980
22.401	1629	163	1728	0.0010160	21087	19702	0.0010870
22.404	1638	164	1728	0.0076000	21178	19703	0.0076780
22.414	1648	165	1728	0.0009820	21187	19787	0.0010540
22.418	1657	166	1728	0.0007180	21279	19788	0.0007810
22.421	1667	166	1728	0.0010060	21289	19872	0.0010760
22.424	1676	168	1728	0.0007470	21382	19873	0.0008130
22.427	1686	168	1728	0.0009910	21391	19958	0.0010620
22.431	1695	169	1728	0.0007350	21485	19959	0.0008020
22.434	1705	170	1728	0.0009920	21495	20046	0.0010630
22.438	1628	85	1728	0.0006030	21504	19961	0.0006660
22.441	1551	172	1728	0.0007770	21426	20047	0.0008440
22.444	1559	173	1728	0.0008630	21434	20048	0.0009320
22.447	1566	174	1728	0.0007630	21441	20049	0.0008300
22.457	1574	175	1728	0.0007850	21449	20050	0.0008540
22.460	1581	176	1728	0.0007630	21457	20051	0.0009150
22.463	1589	176	1728	0.0007620	21464	20052	0.0008310
22.466	1597	177	1728	0.0007640	21472	20052	0.0008300
22.469	1604	178	1728	0.0008200	21479	20053	0.0008860
22.472	1612	179	1728	0.0007960	21487	20054	0.0008630
22.476	1619	180	1728	0.0007770	21495	20055	0.0008440
22.486	1627	181	1728	0.0007590	21502	20056	0.0008290
22.489	1635	181	1728	0.0008090	21510	20057	0.0008780
22.492	1642	182	1728	0.0007770	21517	20058	0.0008450
22.495	1650	183	1728	0.0007760	21525	20058	0.0008430
22.499	1657	184	1728	0.0007720	21533	20059	0.0008730
22.502	1665	185	1728	0.0007900	21540	20060	0.0008570
22.505	1673	186	1728	0.0008170	21548	20061	0.0008860
22.515	1680	187	1728	0.0007940	21555	20062	0.0008630
22.519	1688	187	1728	0.0007950	21563	20063	0.0008640
22.522	1695	188	1728	0.0007900	21571	20063	0.0008570
22.525	1703	189	1728	0.0008270	21578	20064	0.0008960
22.528	1710	190	1728	0.0008240	21586	20065	0.0008950
22.532	1718	191	1728	0.0007960	21593	20066	0.0008640
22.542	1726	96	1728	0.0008510	21601	20067	0.0009210
22.545	1541	96	1728	0.0006540	21512	20067	0.0007190
22.548	1547	96	1728	0.0012120	21518	20261	0.0012840
22.551	1456	97	1728	0.0008610	21621	20359	0.0009290
22.555	1559	97	1728	0.0006240	21821	20359	0.0006870
22.558	1566	97	1728	0.0010990	21828	20555	0.0011670
22.561	1474	98	1728	0.0008610	21931	20654	0.0009300
22.565	1578	98	1728	0.0006530	22134	20654	0.0007150
22.567	1584	99	1728	0.0011670	22140	20853	0.0012370
22.571	1491	99	1728	0.0008630	22245	20953	0.0009330
22.574	1596	100	1728	0.0006400	22450	20953	0.0007010
22.584	1603	100	1728	0.0011130	22457	21154	0.0011820
22.588	1509	100	1728	0.0008800	22563	21255	0.0009500
22.591	1615	101	1728	0.0006430	22770	21256	0.0007050
22.595	1621	101	1728	0.0011410	22776	21459	0.0012100
22.598	1526	101	1728	0.0008940	22884	21561	0.0009630
22.602	1634	102	1728	0.0006570	23093	21561	0.0007180
22.604	1435	102	1728	0.0077230	22894	21664	0.0077980
22.614	1542	102	1728	0.0011890	23105	21870	0.0012600
22.618	1548	103	1728	0.0008880	23316	21974	0.0009580
22.622	1554	103	1728	0.0011910	23425	22182	0.0012630
22.625	1559	104	1728	0.0009480	23637	22286	0.0010180
22.628	1565	104	1728	0.0012290	23747	22495	0.0013010
22.632	1570	104	1728	0.0009070	23961	22600	0.0009760
22.642	1576	105	1728	0.0011720	24072	22811	0.0012430
22.647	1639	111	1728	0.0006540	24345	22817	0.0007120
22.650	1643	28	1728	0.0007910	24350	22839	0.0008540
22.653	1555	38	1728	0.0006530	24366	22850	0.0007150
22.656	1566	31	1728	0.0005080	24378	22843	0.0005680
22.658	1560	54	1728	0.0005540	24371	22865	0.0006160
22.661	1552	40	1728	0.0005130	24364	22851	0.0005740
22.664	1566	44	1728	0.0005390	24377	22855	0.0005980
22.667	1563	71	1728	0.0005760	24374	22882	0.0006370
22.670	1603	50	1728	0.0006370	24414	22862	0.0006970
22.672	1573	80	1728	0.0005990	24385	22892	0.0006590
22.675	1578	56	1728	0.0005300	24390	22868	0.0005900
22.685	1572	59	1728	0.0005870	24383	22871	0.0006500
22.688	1583	93	1728	0.0006150	24395	22904	0.0006770
22.691	1618	96	1728	0.0006240	24430	22908	0.0006880
22.694	1615	67	1728	0.0005610	24427	22878	0.0006200
22.697	1572	69	1728	0.0006090	24383	22881	0.0006700
22.700	1589	35	1728	0.0005130	24401	22847	0.0005710
22.703	1531	73	1728	0.0006250	24342	22885	0.0006890
22.713	1575	76	1728	0.0006110	24386	22887	0.0006740
22.716	1580	39	1728	0.0005120	24392	22850	0.0005710
22.719	1503	80	1728	0.0005880	24315	22891	0.0006500
22.722	1539	81	1728	0.0006140	24351	22893	0.0006760
22.724	1575	83	1728	0.0006240	24387	22895	0.0006860
22.727	1611	85	1728	0.0005940	24423	22897	0.0006540
22.730	1604	43	1728	0.0005350	24415	22855	0.0005960
22.733	1505	89	1728	0.0076470	24316	22900	0.0077190
22.743	1624	136	1728	0.0007950	24436	22948	0.0008640
22.746	1656	46	1728	0.0005380	24467	22858	0.0005980
22.749	1547	47	1728	0.0005650	24359	22858	0.0006240
22.752	1575	48	1728	0.0005450	24386	22859	0.0006040
22.755	1554	146	1728	0.0007030	24365	22958	0.0007700
22.758	1628	99	1728	0.0006210	24439	22911	0.0006830
22.761	1604	151	1728	0.0075080	24416	22962	0.0075780
22.771	1680	102	1728	0.0006300	24492	22914	0.0006930
22.774	1551	104	1728	0.0005990	24362	22915	0.0006600
22.777	1573	105	1728	0.0006460	24385	22917	0.0007120
22.780	1595	107	1728	0.0006420	24407	22918	0.0007050
22.783	1617	108	1728	0.0012440	24429	22920	0.0014880
22.787	1639	110	1728	0.0006240	24451	22921	0.0006860
22.790	1606	55	1728	0.0006350	24417	22867	0.0006970
22.792	1571	169	1728	0.0007960	24382	22980	0.0008640
22.796	1646	114	1728	0.0006440	24458	22925	0.0007070
22.805	1609	173	1728	0.0007630	24421	22984	0.0008320
22.808	1686	116	1728	0.0006530	24498	22928	0.0007160
22.812	1648	177	1728	0.0007770	24459	22988	0.0008460
22.815	1666	59	1728	0.0005280	24478	22871	0.0005880
22.818	1565	120	1728	0.0006620	24377	22932	0.0007250
22.821	1582	122	1728	0.0006890	24393	22933	0.0007540
22.824	1598	123	1728	0.0007320	24410	22935	0.0007970
22.834	1614	124	1728	0.0006270	24426	22936	0.0006900
22.837	1631	126	1728	0.0006740	24442	22937	0.0007650
22.840	1647	127	1728	0.0008880	24459	22938	0.0009570
22.844	1599	64	1728	0.0005170	24411	22875	0.0005760
22.847	1550	129	1728	0.0008570	24362	23006	0.0009260
22.850	1564	130	1728	0.0006870	24441	23007	0.0007510
22.853	1644	66	1728	0.0006110	24521	22942	0.0006730
22.856	1593	133	1728	0.1865930	24470	13880	0.1876470
23.047	1493	139	1792	0.0012670	15373	14086	0.0013410
23.077	1737	192	1792	0.0015550	15684	14308	0.0016270
23.081	1689	136	1792	0.0010570	15806	14309	0.0011280
23.084	1716	69	1792	0.0006540	15889	14242	0.0007160
23.087	1662	138	1792	0.0008290	15835	14381	0.0008990
23.110	1679	82	1792	0.0008680	15922	14325	0.0009310
23.113	1561	153	1792	0.0008050	15803	14396	0.0008730
23.117	1715	142	1792	0.0077110	15957	14468	0.0077850
23.127	1716	143	1792	0.0007050	16042	14469	0.0007700
23.130	1730	144	1792	0.0008600	16056	14543	0.0009300
23.166	1682	146	1792	0.0008770	16080	14617	0.0009490
23.170	1684	73	1792	0.0005830	16155	14545	0.0006430
23.172	1623	147	1792	0.0007190	16095	14620	0.0007860
23.176	1634	149	1792	0.0007440	16106	14621	0.0008090
23.179	1646	150	1792	0.0006920	16118	14622	0.0007570
23.182	1657	151	1792	0.0006750	16129	14623	0.0007390
23.185	1669	152	1792	0.0008160	16141	14624	0.0008830
23.188	1681	153	1792	0.0270210	16153	14625	0.0270960
23.228	1692	154	1792	0.0007010	16164	14626	0.0008020
23.239	1704	155	1792	0.0006080	16176	14627	0.0006720
23.250	1715	156	1792	0.0006700	16188	14628	0.0007340
23.254	1727	157	1792	0.0006040	16199	14629	0.0006670
23.267	1739	158	1792	0.0006140	16211	14630	0.0006790
23.278	1750	159	1792	0.0007410	16222	14631	0.0008070
23.282	1682	80	1792	0.0005790	16154	14552	0.0006400
23.286	1612	161	1792	0.0007300	16084	14714	0.0007950
23.300	1621	162	1792	0.0006560	16174	14715	0.0007190
23.306	1713	81	1792	0.0005600	16265	14634	0.0006220
23.334	1641	164	1792	0.0009640	16194	14799	0.0010360
23.339	1651	165	1792	0.0006520	16286	14800	0.0007150
23.346	1744	83	1792	0.0004900	16379	14718	0.0005480
23.360	1671	167	1792	0.0007790	16306	14886	0.0008460
23.376	1680	168	1792	0.0008740	16399	14887	0.0009470
23.385	1690	169	1792	0.0008150	16409	14972	0.0008830
23.389	1699	170	1792	0.0009380	16503	14973	0.0010070
23.394	1709	171	1792	0.0008480	16512	15060	0.0009180
23.410	1718	172	1792	0.0006570	16607	15061	0.0007210
23.413	1728	173	1792	0.0009230	16617	15148	0.0009920
23.421	1737	174	1792	0.0006550	16713	15149	0.0007200
23.426	1747	174	1792	0.0008090	16722	15237	0.0008760
23.435	1756	176	1792	0.0007140	16819	15238	0.0007780
23.447	1766	176	1792	0.0008070	16829	15328	0.0008750
23.451	1775	177	1792	0.0007550	16927	15329	0.0008210
23.458	1606	178	1792	0.0007630	16757	15330	0.0008290
23.471	1614	179	1792	0.0006620	16765	15330	0.0007270
23.478	1621	180	1792	0.0006720	16773	15331	0.0007350
23.485	1629	181	1792	0.0007940	16780	15332	0.0008620
23.494	1636	182	1792	0.0007170	16788	15333	0.0007830
23.517	1644	183	1792	0.0007820	16795	15334	0.0009320
23.525	1652	183	1792	0.0007770	16803	15335	0.0008440
23.528	1659	184	1792	0.0008060	16810	15335	0.0008750
23.537	1667	185	1792	0.0006860	16818	15336	0.0007530
23.540	1674	186	1792	0.0007740	16826	15337	0.0008710
23.544	1682	187	1792	0.0008390	16833	15338	0.0009090
23.547	1690	188	1792	0.0007900	16841	15339	0.0008610
23.561	1697	188	1792	0.0007950	16848	15340	0.0008640
23.574	1705	189	1792	0.0008030	16856	15341	0.0008710
23.581	1712	190	1792	0.0007770	16864	15341	0.0008440
23.588	1720	191	1792	0.0008030	16871	15342	0.0008710
23.599	1728	96	1792	0.0008150	16879	15343	0.0008830
23.610	1639	96	1792	0.0007360	16886	15440	0.0008040
23.622	1646	97	1792	0.0007160	16990	15537	0.0007810
23.629	1653	97	1792	0.0007740	17094	15635	0.0008460
23.644	1661	97	1792	0.0008340	17199	15733	0.0009040
23.651	1668	98	1792	0.0006820	17304	15832	0.0007470
23.657	1675	98	1792	0.0008070	17409	15931	0.0009050
23.667	1682	99	1792	0.0006930	17515	16031	0.0007580
23.670	1689	99	1792	0.0007780	17621	16131	0.0008460
23.676	1696	99	1792	0.0007150	17728	16231	0.0007830
23.689	1603	100	1792	0.0006630	17735	16231	0.0007290
23.695	1610	100	1792	0.0008810	17741	16433	0.0009480
23.711	1515	101	1792	0.0007380	17848	16535	0.0008050
23.717	1622	101	1792	0.0005950	18056	16535	0.0006580
23.720	1628	101	1792	0.0011870	18062	16739	0.0012960
23.724	1532	102	1792	0.0008960	18170	16842	0.0009660
23.739	1640	102	1792	0.0005600	18380	16842	0.0006210
23.742	1647	103	1792	0.0010540	18387	17048	0.0011250
23.751	1550	103	1792	0.0008270	18495	17152	0.0008930
23.760	1659	103	1792	0.0005680	18708	17153	0.0006290
23.768	1665	104	1792	0.0011620	18714	17361	0.0012330
23.782	1567	104	1792	0.0007040	18824	17466	0.0007690
23.785	1677	105	1792	0.0006350	19039	17467	0.0006990
23.790	1684	105	1792	0.0009370	19046	17677	0.0010060
23.794	1698	113	1792	0.0006920	19271	17685	0.0007550
23.798	1710	23	1792	0.0006280	19283	17701	0.0006920
23.801	1614	15	1792	0.0004660	19292	17693	0.0005250
23.803	1587	34	1792	0.0005090	19265	17713	0.0005690
23.811	1597	39	1792	0.0005080	19275	17717	0.0005700
23.814	1613	43	1792	0.0005220	19291	17721	0.0005830
23.819	1628	70	1792	0.0004960	19306	17748	0.0005540
23.825	1658	25	1792	0.0004400	19336	17703	0.0004980
23.828	1616	53	1792	0.0005380	19295	17731	0.0005990
23.836	1599	56	1792	0.0004700	19277	17734	0.0005290
23.838	1655	29	1792	0.0004950	19333	17707	0.0005550
23.841	1614	31	1792	0.0006200	19293	17709	0.0006810
23.851	1590	64	1792	0.0005630	19268	17742	0.0006200
23.854	1653	67	1792	0.0005530	19331	17745	0.0006130
23.856	1646	104	1792	0.0006130	19324	17782	0.0006750
23.861	1703	36	1792	0.0004470	19381	17714	0.0005040
23.865	1614	111	1792	0.0005920	19292	17789	0.0006530
23.874	1700	76	1792	0.0004960	19378	17754	0.0005840
23.877	1632	78	1792	0.0006900	19310	17756	0.0007560
23.886	1677	80	1792	0.0005360	19355	17759	0.0005980
23.888	1679	41	1792	0.0005050	19358	17719	0.0005650
23.891	1595	84	1792	0.0006790	19273	17763	0.0007430
23.894	1631	86	1792	0.0005810	19309	17764	0.0006410
23.901	1667	88	1792	0.0006350	19346	17766	0.0006960
23.909	1658	45	1792	0.0004530	19336	17723	0.0005120
23.912	1555	92	1792	0.0005960	19233	17770	0.0006570
23.915	1677	140	1792	0.0006830	19356	17819	0.0007490
23.918	1709	48	1792	0.0005030	19387	17726	0.0005610
23.921	1645	97	1792	0.0006210	19323	17775	0.0006840
23.924	1673	99	1792	0.0006030	19351	17777	0.0006630
23.927	1651	50	1792	0.0005090	19330	17728	0.0005680
23.930	1628	153	1792	0.0007120	19306	17831	0.0007780
23.933	1704	104	1792	0.0006540	19383	17782	0.0007170
23.943	1679	158	1792	0.0007020	19357	17836	0.0008360
23.946	1757	107	1792	0.0006180	19435	17785	0.0006810
23.949	1620	108	1792	0.0006020	19299	17786	0.0006640
23.953	1643	110	1792	0.0006390	19321	17788	0.0007020
23.956	1665	111	1792	0.0006200	19343	17789	0.0006820
23.966	1687	113	1792	0.0005580	19365	17791	0.0006200
23.969	1709	114	1792	0.0006070	19387	17792	0.0006700
23.972	1673	58	1792	0.0005470	19351	17736	0.0006070
23.975	1636	176	1792	0.0007380	19314	17854	0.0008060
23.978	1714	118	1792	0.0006400	19392	17796	0.0007040
23.981	1674	180	1792	0.0007740	19352	17858	0.0008400
23.984	1753	121	1792	0.0006430	19432	17799	0.0007390
23.995	1713	184	1792	0.0008310	19391	17862	0.0009010
23.999	1731	62	1792	0.0005530	19409	17740	0.0006130
24.002	1625	125	1792	0.0006540	19304	17803	0.0007180
24.005	1642	126	1792	0.0006770	19320	17805	0.0007400
24.007	1658	128	1792	0.0007600	19336	17806	0.0008250
24.011	1675	129	1792	0.0006150	19353	17807	0.0006770
24.014	1691	130	1792	0.0006640	19369	17808	0.0007260
24.017	1708	131	1792	0.0009440	19386	17810	0.0010150
24.020	1724	133	1792	0.0006630	19402	17811	0.0007270
24.023	1673	67	1792	0.0005690	19351	17745	0.0006300
24.033	1621	135	1792	0.0008820	19299	17881	0.0009530
24.037	1635	136	1792	0.0007090	19381	17882	0.0007740
24.040	1718	69	1792	0.0005740	19464	17814	0.0006350
24.043	1664	139	1792	0.0008350	19410	17954	0.0009050
24.046	1678	140	1792	0.0006870	19494	17955	0.0007510
24.049	1692	141	1792	0.0008790	19508	18027	0.0009490
24.052	1706	142	1792	0.0007130	19592	18028	0.0007800
24.063	1720	143	1792	0.0008570	19606	18101	0.0009290
24.066	1734	145	1792	0.0006870	19692	18103	0.0007520
24.069	1602	146	1792	0.0006900	19560	18104	0.0007540
24.072	1613	147	1792	0.0007130	19571	18105	0.0007780
24.075	1625	148	1792	0.0006870	19583	18106	0.0007530
24.078	1637	149	1792	0.0006970	19595	18107	0.0007620
24.088	1648	150	1792	0.0006180	19606	18108	0.0006820
24.091	1660	151	1792	0.0007020	19618	18109	0.0007690
24.094	1671	152	1792	0.0007050	19629	18110	0.0007710
24.097	1683	153	1792	0.0006920	19641	18111	0.0007570
24.100	1695	154	1792	0.0009530	19653	18112	0.0010240
24.104	1706	155	1792	0.0007150	19664	18113	0.0007810
24.107	1718	156	1792	0.0007110	19676	18114	0.0007780
24.111	1729	157	1792	0.0006830	19687	18115	0.0007460
24.121	1741	158	1792	0.0008310	19699	18116	0.0008990
24.124	1753	159	1792	0.0008310	19711	18117	0.0009480
24.127	1684	80	1792	0.0005910	19642	18038	0.0006510
24.131	1614	161	1792	0.0009180	19572	18200	0.0009890
24.134	1623	162	1792	0.0008290	19662	18201	0.0008970
24.137	1715	81	1792	0.0006400	19754	18120	0.0007020
24.140	1644	164	1792	0.0009470	19682	18285	0.0010170
24.143	1653	165	1792	0.0007320	19774	18286	0.0007970
24.147	1746	83	1792	0.0005900	19867	18204	0.0006510
24.149	1673	167	1792	0.0009390	19794	18372	0.0010110
24.153	1683	168	1792	0.0007630	19887	18373	0.0008320
24.156	1692	169	1792	0.0009170	19897	18459	0.0082420
24.167	1701	170	1792	0.0008470	19991	18460	0.0009170
24.170	1711	171	1792	0.0009530	20001	18546	0.0010240
24.174	1720	172	1792	0.0008390	20096	18547	0.0009090
24.177	1730	173	1792	0.0009970	20105	18635	0.0010670
24.180	1739	174	1792	0.0007610	20201	18636	0.0008290
24.183	1749	175	1792	0.0010840	20211	18724	0.0011520
24.194	1758	176	1792	0.0008170	20308	18725	0.0008870
24.198	1768	177	1792	0.0009080	20317	18815	0.0009770
24.201	1688	89	1792	0.0006220	20326	18727	0.0007290
24.204	1608	179	1792	0.0007650	20246	18817	0.0008320
24.207	1616	179	1792	0.0007740	20254	18817	0.0008410
24.210	1623	180	1792	0.0008200	20261	18818	0.0008900
24.213	1631	181	1792	0.0069730	20269	18819	0.0070480
24.223	1638	182	1792	0.0007720	20276	18820	0.0008410
24.226	1646	183	1792	0.0007680	20284	18821	0.0008350
24.229	1654	184	1792	0.0008150	20292	18822	0.0008840
24.232	1661	184	1792	0.0007840	20299	18823	0.0008520
24.235	1669	185	1792	0.0007820	20307	18823	0.0008490
24.239	1676	186	1792	0.0008620	20314	18824	0.0009350
24.242	1684	187	1792	0.0007810	20322	18825	0.0008490
24.245	1691	188	1792	0.0070830	20330	18826	0.0071550
24.254	1699	189	1792	0.0007930	20337	18827	0.0008610
24.258	1707	189	1792	0.0007010	20345	18828	0.0007670
24.262	1714	190	1792	0.0007770	20352	18828	0.0008430
24.265	1722	191	1792	0.0008310	20360	18829	0.0009010
24.268	1729	96	1792	0.0008040	20368	18830	0.0008710
24.271	1641	96	1792	0.0008020	20375	18927	0.0008710
24.275	1648	97	1792	0.0007820	20479	19025	0.0008510
24.278	1655	97	1792	0.0008070	20583	19123	0.0008760
24.281	1662	97	1792	0.0008110	20688	19221	0.0009050
24.284	1670	98	1792	0.0012790	20793	19320	0.0013500
24.295	1677	98	1792	0.0008120	20899	19419	0.0008820
24.299	1684	99	1792	0.0008220	21004	19519	0.0008920
24.303	1691	99	1792	0.0008070	21111	19619	0.0008780
24.307	1698	100	1792	0.0008570	21218	19719	0.0010110
24.310	1605	100	1792	0.0008610	21224	19719	0.0009280
24.313	1611	100	1792	0.0010580	21231	19921	0.0011300
24.317	1516	101	1792	0.0081850	21337	20023	0.0082580
24.327	1623	101	1792	0.0006500	21546	20023	0.0007130
24.330	1630	101	1792	0.0010680	21552	20227	0.0011390
24.334	1534	102	1792	0.0008190	21660	20330	0.0008860
24.337	1642	102	1792	0.0006580	21870	20331	0.0007200
24.340	1648	103	1792	0.0012180	21877	20537	0.0012890
24.344	1551	103	1792	0.0009100	21986	20641	0.0009860
24.354	1661	104	1792	0.0006490	22199	20642	0.0007140
24.358	1667	104	1792	0.0010200	22205	20850	0.0010880
24.361	1569	104	1792	0.0008970	22315	20955	0.0009650
24.364	1679	105	1792	0.0006610	22530	20956	0.0007240
24.367	1686	105	1792	0.0010900	22537	21167	0.0011600
24.371	1703	114	1792	0.0007170	22765	21176	0.0007780
24.380	1711	12	1792	0.0007250	22773	21180	0.0007860
24.383	1603	15	1792	0.0004880	22770	21183	0.0005470
24.386	1586	36	1792	0.0004810	22754	21203	0.0005380
24.389	1631	20	1792	0.0004860	22798	21187	0.0005440
24.392	1618	66	1792	0.0005470	22785	21234	0.0006080
24.395	1644	71	1792	0.0005740	22811	21239	0.0006340
24.398	1668	77	1792	0.0005590	22835	21244	0.0006180
24.400	1671	81	1792	0.0006900	22839	21249	0.0007540
24.403	1654	86	1792	0.0005960	22821	21253	0.0006570
24.406	1680	60	1792	0.0005560	22848	21227	0.0006150
24.409	1637	31	1792	0.0004870	22804	21199	0.0005460
24.412	1611	65	1792	0.0005740	22778	21233	0.0006360
24.421	1640	34	1792	0.0005340	22807	21201	0.0005950
24.424	1596	70	1792	0.0006560	22764	21238	0.0007190
24.427	1649	72	1792	0.0005660	22817	21240	0.0006280
24.430	1665	37	1792	0.0005210	22833	21205	0.0005810
24.432	1601	77	1792	0.0005770	22769	21244	0.0006780
24.435	1646	79	1792	0.0005740	22813	21246	0.0006360
24.438	1649	40	1792	0.0005280	22817	21208	0.0005870
24.441	1567	83	1792	0.0006110	22735	21250	0.0006720
24.450	1603	85	1792	0.0006810	22771	21252	0.0007450
24.453	1639	87	1792	0.0006300	22807	21254	0.0006940
24.456	1675	89	1792	0.0006010	22843	21256	0.0006620
24.459	1666	45	1792	0.0005290	22834	21213	0.0005900
24.462	1562	92	1792	0.0006010	22730	21260	0.0006640
24.465	1685	141	1792	0.0007020	22853	21309	0.0007660
24.468	1716	48	1792	0.0005370	22884	21215	0.0005970
24.477	1603	49	1792	0.0005680	22770	21216	0.0006300
24.479	1631	49	1792	0.0005410	22798	21217	0.0006010
24.482	1608	151	1792	0.0007190	22775	21319	0.0007850
24.486	1684	102	1792	0.0006170	22851	21270	0.0006800
24.489	1658	156	1792	0.0007750	22826	21323	0.0008420
24.492	1736	106	1792	0.0006290	22903	21273	0.0006910
24.495	1602	107	1792	0.0006270	22769	21274	0.0006900
24.498	1624	108	1792	0.0006170	22791	21276	0.0006790
24.501	1646	110	1792	0.0007080	22813	21277	0.0007730
24.504	1668	111	1792	0.0006430	22835	21279	0.0007070
24.507	1690	113	1792	0.0007440	22858	21280	0.0008080
24.517	1712	114	1792	0.0006540	22880	21282	0.0007230
24.520	1676	58	1792	0.0005670	22844	21225	0.0006250
24.523	1639	176	1792	0.0007660	22806	21343	0.0008360
24.526	1717	119	1792	0.0006590	22884	21286	0.0007220
24.529	1677	180	1792	0.0008240	22845	21348	0.0008930
24.532	1757	121	1792	0.0006660	22924	21289	0.0007300
24.536	1716	184	1792	0.0007420	22883	21352	0.0008110
24.545	1734	62	1792	0.0005580	22901	21229	0.0006190
24.548	1628	125	1792	0.0006720	22796	21293	0.0007350
24.551	1645	127	1792	0.0006660	22812	21294	0.0007300
24.554	1661	128	1792	0.0007200	22829	21295	0.0007870
24.557	1677	129	1792	0.0006620	22845	21297	0.0007250
24.560	1694	130	1792	0.0006750	22861	21298	0.0007610
24.563	1710	132	1792	0.0006820	22878	21299	0.0007470
24.573	1727	133	1792	0.0007010	22894	21300	0.0007660
24.576	1676	67	1792	0.0005880	22843	21234	0.0006490
24.579	1624	135	1792	0.0008260	22791	21371	0.0008940
24.582	1638	137	1792	0.0006810	22873	21372	0.0007440
24.586	1721	69	1792	0.0005670	22956	21304	0.0006290
24.588	1667	139	1792	0.0010820	22902	21444	0.0011540
24.592	1681	140	1792	0.0006960	22986	21445	0.0007620
24.595	1695	141	1792	0.0008600	23000	21517	0.0009290
24.598	1709	142	1792	0.0007030	23084	21518	0.0007680
24.601	1723	143	1792	0.0008580	23098	21591	0.0009260
24.605	1736	145	1792	0.0072330	23184	21593	0.0073060
24.614	1604	146	1792	0.0007140	23052	21594	0.0007790
24.617	1616	147	1792	0.0007020	23064	21595	0.0007670
24.620	1627	148	1792	0.0007160	23075	21596	0.0007830
24.623	1639	149	1792	0.0007750	23087	21597	0.0008410
24.626	1651	150	1792	0.0007800	23098	21598	0.0008470
24.629	1662	151	1792	0.0007140	23110	21599	0.0007780
24.632	1674	152	1792	0.0072380	23122	21600	0.0073110
24.642	1685	153	1792	0.0007250	23133	21601	0.0007920
24.645	1697	154	1792	0.0007070	23145	21602	0.0008130
24.648	1709	155	1792	0.0008670	23156	21603	0.0009350
24.652	1720	156	1792	0.0007230	23168	21604	0.0007880
24.655	1732	157	1792	0.0007290	23180	21605	0.0007930
24.658	1743	158	1792	0.0007370	23191	21606	0.0008030
24.662	1755	160	1792	0.0007000	23203	21607	0.0007650
24.665	1686	80	1792	0.0006310	23134	21528	0.0006920
24.668	1616	161	1792	0.0009020	23064	21690	0.0009720
24.671	1626	162	1792	0.0007500	23154	21691	0.0008150
24.674	1717	82	1792	0.0071820	23246	21610	0.0072560
24.684	1646	164	1792	0.0009580	23174	21776	0.0010280
24.687	1655	165	1792	0.0007550	23266	21777	0.0008240
24.691	1748	83	1792	0.0005960	23359	21694	0.0006600
24.694	1675	167	1792	0.0009750	23286	21862	0.0010450
24.697	1685	168	1792	0.0007890	23380	21863	0.0008580
24.700	1694	169	1792	0.0009730	23389	21949	0.0010440
24.703	1704	170	1792	0.0008520	23483	21950	0.0009200
24.713	1713	171	1792	0.0009650	23493	22037	0.0010370
24.717	1723	172	1792	0.0007830	23588	22038	0.0008510
24.720	1732	173	1792	0.0009870	23598	22125	0.0010580
24.723	1742	174	1792	0.0008840	23694	22126	0.0009510
24.727	1751	175	1792	0.0009930	23703	22215	0.0010630
24.730	1761	176	1792	0.0007800	23801	22216	0.0008470
24.740	1770	177	1792	0.0008240	23810	22306	0.0009180
24.743	1690	89	1792	0.0006340	23819	22218	0.0006940
24.746	1610	179	1792	0.0007810	23739	22307	0.0008490
24.750	1617	180	1792	0.0007440	23746	22308	0.0008090
24.753	1625	180	1792	0.0008270	23754	22309	0.0009260
24.756	1633	181	1792	0.0008700	23761	22310	0.0009420
24.759	1640	182	1792	0.0007580	23769	22311	0.0008260
24.769	1648	183	1792	0.0008130	23777	22312	0.0008840
24.772	1655	184	1792	0.0007980	23784	22313	0.0008640
24.775	1663	185	1792	0.0010370	23792	22313	0.0011080
24.779	1671	185	1792	0.0008060	23799	22314	0.0008740
24.782	1678	186	1792	0.0008100	23807	22315	0.0008760
24.785	1686	187	1792	0.0009630	23815	22316	0.0010360
24.788	1693	188	1792	0.0008420	23822	22317	0.0009110
24.792	1701	189	1792	0.0008090	23830	22318	0.0008780
24.795	1709	190	1792	0.0008620	23837	22318	0.0009320
24.798	1716	191	1792	0.0008110	23845	22319	0.0008790
24.808	1724	191	1792	0.0007010	23853	22320	0.0007670
24.811	1731	96	1792	0.0008310	23860	22321	0.0009000
24.815	1643	96	1792	0.0008200	23868	22418	0.0008880
24.818	1650	97	1792	0.0008210	23972	22516	0.0008910
24.821	1657	97	1792	0.0008270	24076	22614	0.0008950
24.825	1664	98	1792	0.0008320	24181	22712	0.0009030
24.828	1671	98	1792	0.0008290	24286	22811	0.0008980
24.838	1678	98	1792	0.0008310	24392	22910	0.0009020
24.841	1686	99	1792	0.0008080	24498	23010	0.0008750
24.845	1693	99	1792	0.0009570	24604	23110	0.0010290
24.848	1600	100	1792	0.0006650	24611	23111	0.0007250
24.851	1606	100	1792	0.1206480	24617	14984	0.1222290
24.976	1714	100	1920	0.0008860	16698	15186	0.0009540
24.979	1822	101	1920	0.0010110	16908	15388	0.0010820
24.983	1729	101	1920	0.0008360	17016	15491	0.0009060
24.986	1736	102	1920	0.0008020	17125	15593	0.0008700
24.990	1743	102	1920	0.0009140	17234	15696	0.0009830
24.993	1750	103	1920	0.0085390	17344	15800	0.0086100
25.004	1757	103	1920	0.0008290	17455	15904	0.0008980
25.008	1765	103	1920	0.0008160	17565	16008	0.0008860
25.011	1772	104	1920	0.0008470	17676	16113	0.0009160
25.015	1779	104	1920	0.0008160	17788	16218	0.0008850
25.018	1786	105	1920	0.0008220	17900	16324	0.0008900
25.028	1824	116	1920	0.0005680	18042	16335	0.0006250
25.031	1835	32	1920	0.0007240	18054	16356	0.0007870
25.034	1760	43	1920	0.0005070	18084	16367	0.0005670
25.037	1762	51	1920	0.0005220	18086	16376	0.0005800
25.040	1777	19	1920	0.0004610	18101	16344	0.0005180
25.043	1709	43	1920	0.0005110	18033	16368	0.0005690
25.046	1762	23	1920	0.0004770	18087	16348	0.0005350
25.049	1736	51	1920	0.0076400	18061	16375	0.0077120
25.059	1752	54	1920	0.0005240	18076	16379	0.0005830
25.062	1747	57	1920	0.0004840	18072	16382	0.0005400
25.065	1782	91	1920	0.0005520	18107	16415	0.0006110
25.068	1777	63	1920	0.0005450	18101	16388	0.0006070
25.071	1759	66	1920	0.0005430	18084	16391	0.0006020
25.074	1764	103	1920	0.0006100	18089	16428	0.0006730
25.077	1795	107	1920	0.0006110	18120	16431	0.0006710
25.080	1786	74	1920	0.0005500	18110	16398	0.0006090
25.084	1732	76	1920	0.0005320	18056	16401	0.0005920
25.087	1785	78	1920	0.0005630	18110	16403	0.0006250
25.097	1798	40	1920	0.0004760	18123	16365	0.0005330
25.101	1725	83	1920	0.0005910	18050	16407	0.0006570
25.104	1770	85	1920	0.0005600	18094	16409	0.0006220
25.109	1770	43	1920	0.0004540	18095	16368	0.0005120
25.112	1769	134	1920	0.0006690	18093	16458	0.0007590
25.116	1854	91	1920	0.0006830	18178	16415	0.0007450
25.125	1756	93	1920	0.0005720	18080	16417	0.0006340
25.128	1792	95	1920	0.0005890	18116	16419	0.0006770
25.132	1779	48	1920	0.0005250	18104	16373	0.0005860
25.135	1765	148	1920	0.0007240	18089	16472	0.0007890
25.138	1846	100	1920	0.0005710	18171	16425	0.0006310
25.141	1727	102	1920	0.0005950	18051	16426	0.0006580
25.144	1756	104	1920	0.0006000	18080	16428	0.0006610
25.154	1784	105	1920	0.0006030	18109	16430	0.0006670
25.158	1813	107	1920	0.0005720	18138	16432	0.0006330
25.161	1787	54	1920	0.0007290	18112	16379	0.0007950
25.164	1760	165	1920	0.0007240	18084	16490	0.0007910
25.167	1840	112	1920	0.0006040	18165	16436	0.0006680
25.171	1810	170	1920	0.0007300	18135	16495	0.0007970
25.174	1892	115	1920	0.0006310	18217	16440	0.0006940
25.179	1744	116	1920	0.0005520	18068	16441	0.0006120
25.182	1766	118	1920	0.0006080	18091	16442	0.0006700
25.186	1788	119	1920	0.0006380	18113	16444	0.0007000
25.189	1810	121	1920	0.0075540	18135	16445	0.0076270
25.199	1832	122	1920	0.0007340	18157	16447	0.0007980
25.202	1792	62	1920	0.0005320	18117	16386	0.0005910
25.205	1751	188	1920	0.0007730	18076	16512	0.0008430
25.208	1833	127	1920	0.0006510	18157	16451	0.0007420
25.212	1854	64	1920	0.0005540	18178	16388	0.0006130
25.215	1680	129	1920	0.0006500	18005	16454	0.0007150
25.225	1828	131	1920	0.0007820	18152	16521	0.0008820
25.229	1847	132	1920	0.0006840	18237	16522	0.0007500
25.232	1732	133	1920	0.0007470	18122	16523	0.0008140
25.235	1749	135	1920	0.0006680	18139	16525	0.0007330
25.238	1765	136	1920	0.0006580	18155	16526	0.0007210
25.241	1782	137	1920	0.0006550	18172	16527	0.0007200
25.244	1798	138	1920	0.0006660	18188	16528	0.0007290
25.254	1815	140	1920	0.0006620	18205	16530	0.0007270
25.258	1831	141	1920	0.0008870	18221	16531	0.0009560
25.261	1848	142	1920	0.0007000	18238	16532	0.0007650
25.264	1864	143	1920	0.0006870	18254	16534	0.0007520
25.268	1808	72	1920	0.0005610	18198	16462	0.0006220
25.271	1750	146	1920	0.0008490	18140	16609	0.0009210
25.274	1764	147	1920	0.0006860	18227	16610	0.0007530
25.278	1853	74	1920	0.0005640	18316	16537	0.0006230
25.281	1793	149	1920	0.0009010	18257	16688	0.0009720
25.284	1807	151	1920	0.0006860	18345	16689	0.0007520
25.288	1821	152	1920	0.0008970	18359	16766	0.0009670
25.301	1835	153	1920	0.0007180	18449	16767	0.0007860
25.304	1849	154	1920	0.0008770	18463	16845	0.0009470
25.308	1863	155	1920	0.0007000	18554	16847	0.0007650
25.311	1877	156	1920	0.0009280	18568	16926	0.0009980
25.323	1812	79	1920	0.0005580	18582	16848	0.0006200
25.326	1746	159	1920	0.0007090	18516	16929	0.0007740
25.329	1757	160	1920	0.0007100	18527	16930	0.0007750
25.333	1769	161	1920	0.0007570	18539	16931	0.0008540
25.338	1780	162	1920	0.0006060	18550	16932	0.0006660
25.341	1792	163	1920	0.0007460	18562	16933	0.0008140
25.344	1804	164	1920	0.0007210	18574	16934	0.0007860
25.359	1815	165	1920	0.0007320	18585	16935	0.0008000
25.362	1827	166	1920	0.0007290	18597	16936	0.0007950
25.367	1838	167	1920	0.0006320	18608	16937	0.0006980
25.371	1850	168	1920	0.0007190	18620	16938	0.0007850
25.374	1862	169	1920	0.0007400	18632	16939	0.0008090
25.380	1873	170	1920	0.0007150	18643	16940	0.0007810
25.392	1885	171	1920	0.0007300	18655	16941	0.0008000
25.398	1896	172	1920	0.0007290	18666	16942	0.0007930
25.401	1821	87	1920	0.0006840	18591	16856	0.0007480
25.405	1745	174	1920	0.0027870	18515	17032	0.0028610
25.410	1754	175	1920	0.0007720	18611	17033	0.0008400
25.413	1852	88	1920	0.0005950	18709	16945	0.0006570
25.425	1774	177	1920	0.0010220	18632	17123	0.0010950
25.428	1784	178	1920	0.0009960	18730	17124	0.0010670
25.432	1883	89	1920	0.0005780	18829	17036	0.0006380
25.435	1804	180	1920	0.0009980	18750	17217	0.0010700
25.439	1813	181	1920	0.0007620	18850	17218	0.0008340
25.442	1823	182	1920	0.0010080	18859	17310	0.0010790
25.453	1832	183	1920	0.0007920	18960	17311	0.0008600
25.458	1842	184	1920	0.0009960	18969	17404	0.0010690
25.462	1851	185	1920	0.0007790	19071	17405	0.0008470
25.473	1861	186	1920	0.0010260	19081	17499	0.0010970
25.487	1870	187	1920	0.0007580	19183	17500	0.0008270
25.491	1880	188	1920	0.0009460	19193	17595	0.0010160
25.494	1889	189	1920	0.0025440	19296	17596	0.0026160
25.500	1899	190	1920	0.0010290	19306	17692	0.0011010
25.504	1908	191	1920	0.0140370	19410	17693	0.0141550
25.522	1918	96	1920	0.0010050	19420	17790	0.0010760
25.526	1735	96	1920	0.0006270	19429	17790	0.0006890
25.531	1743	97	1920	0.0006960	19437	17888	0.0007620
25.542	1653	97	1920	0.0008120	19445	17986	0.0008830
25.547	1661	97	1920	0.0007920	19549	18084	0.0008620
25.551	1668	98	1920	0.0008110	19654	18182	0.0008810
25.558	1675	98	1920	0.0007970	19760	18282	0.0008690
25.561	1682	99	1920	0.0009540	19865	18381	0.0010250
25.567	1689	99	1920	0.0006870	19972	18481	0.0007510
25.579	1696	99	1920	0.0007090	20078	18581	0.0007750
25.582	1704	100	1920	0.0008070	20185	18682	0.0008780
25.588	1711	100	1920	0.0009180	20293	18783	0.0009890
25.591	1718	101	1920	0.0008300	20401	18885	0.0008980
25.595	1725	101	1920	0.0008980	20509	18987	0.0009690
25.598	1732	102	1920	0.0008120	20618	19089	0.0008840
25.611	1739	102	1920	0.0008440	20727	19192	0.0009120
25.614	1747	102	1920	0.0009220	20837	19296	0.0009940
25.618	1754	103	1920	0.0008360	20947	19399	0.0009050
25.621	1761	103	1920	0.0009270	21057	19503	0.0009970
25.625	1768	104	1920	0.0008690	21168	19608	0.0009380
25.628	1775	104	1920	0.0008370	21280	19713	0.0009050
25.638	1782	105	1920	0.0009260	21391	19818	0.0009970
25.642	1790	105	1920	0.0008500	21503	19924	0.0009200
25.646	1817	122	1920	0.0006340	21637	19941	0.0006960
25.649	1830	25	1920	0.0006930	21650	19950	0.0007580
25.652	1745	31	1920	0.0005030	21669	19956	0.0005600
25.656	1755	37	1920	0.0005110	21680	19961	0.0005690
25.659	1750	20	1920	0.0004870	21675	19945	0.0005460
25.661	1704	45	1920	0.0005180	21628	19970	0.0005760
25.664	1761	49	1920	0.0006220	21686	19974	0.0006830
25.667	1769	26	1920	0.0004970	21693	19951	0.0005560
25.670	1751	84	1920	0.0005930	21676	20009	0.0006550
25.673	1763	59	1920	0.0005390	21688	19984	0.0005950
25.677	1764	62	1920	0.0005580	21689	19987	0.0006180
25.686	1785	97	1920	0.0006130	21709	20022	0.0006760
25.690	1761	67	1920	0.0005180	21686	19992	0.0005790
25.693	1727	70	1920	0.0005850	21652	19995	0.0006440
25.696	1790	72	1920	0.0006250	21715	19997	0.0006860
25.699	1778	112	1920	0.0006280	21703	20037	0.0006900
25.702	1835	38	1920	0.0006030	21760	19963	0.0006640
25.705	1734	119	1920	0.0007580	21659	20044	0.0008250
25.715	1823	82	1920	0.0005560	21748	20006	0.0006180
25.718	1748	84	1920	0.0005780	21672	20009	0.0006400
25.721	1792	86	1920	0.0006740	21717	20011	0.0007370
25.724	1792	44	1920	0.0005310	21717	19969	0.0005890
25.727	1700	90	1920	0.0005950	21624	20015	0.0006560
25.730	1736	92	1920	0.0005900	21660	20017	0.0006530
25.740	1772	94	1920	0.0005010	21696	20019	0.0005580
25.743	1808	96	1920	0.0006060	21733	20020	0.0006670
25.747	1795	49	1920	0.0005340	21720	19973	0.0005960
25.750	1680	99	1920	0.0006100	21605	20024	0.0006710
25.753	1810	152	1920	0.0006990	21735	20076	0.0008010
25.757	1842	51	1920	0.0005640	21766	19976	0.0006250
25.760	1770	104	1920	0.0006200	21695	20029	0.0006830
25.763	1799	106	1920	0.0006220	21723	20031	0.0006830
25.766	1827	108	1920	0.0006220	21752	20033	0.0006850
25.769	1801	55	1920	0.0005410	21726	19979	0.0006020
25.772	1773	167	1920	0.0007220	21698	20092	0.0007880
25.782	1854	113	1920	0.0006310	21779	20037	0.0006940
25.786	1824	171	1920	0.0007150	21748	20096	0.0007830
25.789	1848	58	1920	0.0005150	21773	19983	0.0005920
25.792	1757	117	1920	0.0006460	21681	20042	0.0007090
25.795	1779	119	1920	0.0007050	21703	20044	0.0007720
25.799	1801	120	1920	0.0006400	21726	20045	0.0007040
25.809	1823	122	1920	0.0006660	21748	20047	0.0007300
25.812	1845	123	1920	0.0006540	21770	20048	0.0007180
25.815	1805	62	1920	0.0005450	21729	19987	0.0006050
25.818	1763	189	1920	0.0007980	21688	20114	0.0008670
25.822	1845	127	1920	0.0006010	21770	20052	0.0040510
25.829	1801	129	1920	0.0008500	21726	20118	0.0009210
25.841	1820	130	1920	0.0007040	21810	20120	0.0007710
25.847	1840	131	1920	0.0011540	21829	20187	0.0012260
25.851	1859	133	1920	0.0006710	21914	20188	0.0007360
25.857	1743	134	1920	0.0007050	21799	20190	0.0007720
25.868	1760	135	1920	0.0008420	21815	20191	0.0009140
25.872	1776	137	1920	0.0007070	21832	20192	0.0007750
25.877	1793	138	1920	0.0006770	21848	20193	0.0007410
25.881	1809	139	1920	0.0030260	21864	20195	0.0031020
25.886	1826	141	1920	0.0006870	21881	20196	0.0007500
25.890	1842	142	1920	0.0006960	21897	20197	0.0007610
25.895	1858	143	1920	0.0007460	21914	20198	0.0008160
25.899	1803	72	1920	0.0005760	21858	20127	0.0006380
25.909	1745	145	1920	0.0009000	21801	20274	0.0009690
25.914	1759	147	1920	0.0007470	21888	20275	0.0008120
25.918	1847	74	1920	0.0005770	21976	20202	0.0006380
25.921	1788	149	1920	0.0011410	21917	20352	0.0012120
25.924	1802	150	1920	0.0007090	22005	20353	0.0007740
25.928	1816	151	1920	0.0008750	22019	20430	0.0009450
25.938	1830	153	1920	0.0007050	22109	20431	0.0007730
25.942	1844	154	1920	0.0008670	22123	20510	0.0009360
25.945	1858	155	1920	0.0007400	22214	20511	0.0008060
25.949	1872	156	1920	0.0009390	22228	20590	0.0010120
25.952	1807	78	1920	0.0006840	22241	20513	0.0007480
25.964	1741	158	1920	0.0007730	22175	20592	0.0008400
25.967	1753	159	1920	0.0007140	22187	20593	0.0007800
25.970	1764	160	1920	0.0007310	22198	20594	0.0007990
25.974	1776	161	1920	0.0007370	22210	20596	0.0008040
25.977	1787	162	1920	0.0008640	22222	20597	0.0009360
25.980	1799	164	1920	0.0008710	22233	20598	0.0009390
25.984	1811	165	1920	0.0007470	22245	20599	0.0008140
25.987	1822	166	1920	0.0007430	22256	20600	0.0008110
25.990	1834	167	1920	0.0007340	22268	20601	0.0008010
25.994	1845	168	1920	0.0007420	22280	20602	0.0008060
26.068	1857	169	1920	0.0006440	22291	20603	0.0007630
26.083	1869	170	1920	0.0006530	22303	20604	0.0007160
26.086	1880	171	1920	0.0007660	22314	20605	0.0008340
26.106	1892	172	1920	0.0007210	22326	20606	0.0008330
26.112	1817	86	1920	0.0006050	22251	20520	0.0006670
26.121	1741	174	1920	0.0009890	22175	20695	0.0010580
26.131	1750	175	1920	0.0006580	22271	20696	0.0007230
26.137	1848	88	1920	0.0006270	22369	20609	0.0006880
26.146	1770	177	1920	0.0009210	22291	20787	0.0009890
26.157	1780	178	1920	0.0007020	22389	20788	0.0007760
26.161	1879	89	1920	0.0006030	22489	20699	0.0006640
26.165	1800	180	1920	0.0011160	22410	20880	0.0011880
26.173	1809	181	1920	0.0006840	22509	20881	0.0007490
26.181	1819	182	1920	0.0008650	22519	20973	0.0009320
26.185	1828	183	1920	0.0007640	22619	20974	0.0008300
26.196	1838	184	1920	0.0008650	22629	21067	0.0009340
26.209	1847	185	1920	0.0008330	22730	21068	0.0009030
26.217	1857	185	1920	0.0009820	22740	21162	0.0010520
26.221	1866	187	1920	0.0007550	22842	21163	0.0008230
26.237	1876	187	1920	0.0009990	22852	21257	0.0010690
26.242	1885	188	1920	0.0007870	22955	21258	0.0008560
26.248	1894	189	1920	0.0026800	22964	21354	0.0027500
26.257	1904	190	1920	0.0007390	23069	21355	0.0008050
26.262	1913	191	1920	0.0010120	23078	21452	0.0010810
26.270	1827	96	1920	0.0005420	23087	21357	0.0006000
26.273	1739	96	1920	0.0008510	23000	21454	0.0009210
26.280	1650	97	1920	0.0007960	23007	21551	0.0008600
26.286	1657	97	1920	0.0006720	23112	21649	0.0007360
26.291	1664	98	1920	0.0007510	23216	21748	0.0008180
26.298	1671	98	1920	0.0007180	23322	21847	0.0007830
26.301	1678	98	1920	0.0008280	23427	21946	0.0009310
26.305	1686	99	1920	0.0009510	23533	22046	0.0010220
26.308	1693	99	1920	0.0009010	23640	22146	0.0009710
26.311	1700	100	1920	0.0008340	23747	22246	0.0009020
26.322	1707	100	1920	0.0008220	23854	22347	0.0008910
26.326	1714	101	1920	0.0008060	23962	22449	0.0008740
26.329	1722	101	1920	0.0009370	24070	22551	0.0010080
26.333	1729	101	1920	0.0009740	24178	22653	0.0010450
26.336	1736	102	1920	0.0008560	24287	22755	0.0009250
26.340	1743	102	1920	0.0008380	24397	22859	0.0009070
26.352	1750	103	1920	0.0008030	24506	22962	0.0008690
26.356	1757	103	1920	0.0008700	24617	23066	0.0009390
26.360	1765	103	1920	0.0008910	24727	23170	0.0009600
26.364	1772	104	1920	0.0008310	24839	23275	0.0009000
26.368	1779	104	1920	0.0017840	24950	23380	0.0018580
26.372	1786	105	1920	0.0009120	25062	23486	0.0009830
26.376	1824	116	1920	0.0007390	25205	23497	0.0008020
26.380	1835	32	1920	0.0008180	25216	23519	0.0008820
26.391	1760	43	1920	0.0005410	25246	23529	0.0006010
26.394	1762	51	1920	0.0005050	25249	23538	0.0005620
26.397	1777	19	1920	0.0006210	25264	23506	0.0006800
26.401	1709	43	1920	0.0005270	25195	23530	0.0005870
26.404	1762	23	1920	0.0006580	25249	23510	0.0007180
26.407	1736	51	1920	0.0005560	25223	23538	0.0006160
26.416	1752	54	1920	0.0005550	25239	23541	0.0006370
26.419	1747	57	1920	0.0005700	25234	23544	0.0006300
26.423	1782	91	1920	0.0006200	25269	23577	0.0006830
26.426	1777	63	1920	0.0005660	25263	23550	0.0006250
26.429	1759	66	1920	0.0005970	25246	23553	0.0006580
26.432	1764	103	1920	0.0006470	25251	23590	0.0007100
26.435	1795	107	1920	0.0006540	25282	23594	0.0007160
26.445	1786	74	1920	0.0026560	25273	23560	0.0027290
26.450	1732	76	1920	0.0005780	25219	23563	0.0006390
26.453	1785	78	1920	0.0007740	25272	23565	0.0008390
26.456	1798	40	1920	0.0005380	25285	23527	0.0005970
26.459	1725	83	1920	0.0006000	25212	23569	0.0006590
26.462	1770	85	1920	0.0005970	25256	23572	0.0006580
26.466	1770	43	1920	0.0005110	25257	23530	0.0005710
26.469	1769	134	1920	0.0007190	25256	23620	0.0007840
26.472	1854	91	1920	0.0006060	25340	23578	0.0006680
26.475	1756	93	1920	0.0006130	25242	23580	0.0006740
26.479	1792	95	1920	0.0006060	25278	23581	0.0006680
26.489	1779	48	1920	0.0005250	25266	23535	0.0005830
26.492	1765	148	1920	0.0007130	25252	23634	0.0007810
26.495	1846	100	1920	0.0006330	25333	23587	0.0006940
26.498	1727	102	1920	0.0006270	25214	23589	0.0006890
26.501	1756	104	1920	0.0006330	25242	23590	0.0006950
26.504	1784	105	1920	0.0006490	25271	23592	0.0007110
26.508	1813	107	1920	0.0006430	25300	23594	0.0007050
26.511	1787	54	1920	0.0005940	25274	23541	0.0006570
26.521	1760	165	1920	0.0008290	25246	23652	0.0009010
26.524	1840	112	1920	0.0006210	25327	23599	0.0006840
26.527	1810	170	1920	0.0007540	25297	23657	0.0008220
26.531	1892	115	1920	0.0006510	25379	23602	0.0007130
26.534	1744	116	1920	0.0006640	25231	23603	0.0007270
26.537	1766	118	1920	0.0008660	25253	23605	0.0009630
26.540	1788	119	1920	0.0006660	25275	23606	0.0007270
26.550	1810	121	1920	0.0006670	25297	23608	0.0007300
26.554	1832	122	1920	0.0007310	25319	23609	0.0007990
26.557	1792	62	1920	0.0007530	25279	23548	0.0008160
26.560	1751	188	1920	0.0008100	25238	23675	0.0008790
26.563	1833	127	1920	0.0007830	25320	23613	0.0008490
26.567	1854	64	1920	0.0014910	25340	23551	0.0015640
26.577	1680	129	1920	0.0006800	25167	23616	0.0007460
26.580	1828	131	1920	0.0009260	25314	23683	0.0009950
26.584	1847	132	1920	0.0007240	25399	23684	0.0007910
26.588	1732	133	1920	0.0006750	25285	23686	0.0007400
26.591	1749	135	1920	0.0006930	25301	23687	0.0007570
26.594	1765	136	1920	0.0008010	25317	23688	0.0008680
26.599	1782	137	1920	0.0006900	25334	23689	0.0007560
26.602	1798	138	1920	0.0007030	25350	23691	0.0007670
26.605	1815	140	1920	0.0007250	25367	23692	0.0007900
26.608	1831	141	1920	0.0007750	25383	23693	0.0008420
26.619	1848	142	1920	0.0007060	25400	23694	0.0007720
26.623	1864	143	1920	0.0007000	25416	23696	0.0007670
26.626	1808	72	1920	0.0005920	25360	23624	0.0015530
26.630	1750	146	1920	0.0010380	25303	23771	0.0011100
26.633	1764	147	1920	0.0007190	25390	23772	0.0007860
26.644	1853	74	1920	0.0005550	25478	23699	0.0006370
26.649	1793	149	1920	0.0009680	25419	23850	0.0010400
26.652	1807	151	1920	0.0007270	25508	23851	0.0007930
26.655	1821	152	1920	0.0009550	25522	23928	0.0010270
26.660	1835	153	1920	0.0007230	25612	23929	0.0007890
26.663	1849	154	1920	0.0009530	25625	24008	0.0011170
26.668	1863	155	1920	0.0007280	25717	24009	0.0007960
26.672	1877	156	1920	0.0009600	25731	24088	0.0010320
26.675	1812	79	1920	0.0006020	25744	24011	0.0006650
26.686	1746	159	1920	0.0007540	25678	24091	0.0008220
26.690	1757	160	1920	0.0007450	25689	24092	0.0008130
26.694	1769	161	1920	0.0007330	25701	24093	0.0008000
26.698	1780	162	1920	0.0007380	25712	24094	0.0008050
26.701	1792	163	1920	0.0007930	25724	24095	0.0008600
26.712	1804	164	1920	0.0007670	25736	24096	0.0008350
26.716	1815	165	1920	0.0016340	25747	24097	0.0017070
26.720	1827	166	1920	0.0008550	25759	24098	0.0009250
26.723	1838	167	1920	0.0007570	25771	24099	0.0008250
26.729	1850	168	1920	0.0007820	25782	24100	0.0008520
26.732	1862	169	1920	0.0007610	25794	24101	0.0043710
26.743	1873	170	1920	0.0007600	25805	24102	0.0008280
26.749	1885	171	1920	0.0007880	25817	24103	0.0008580
26.752	1896	172	1920	0.0007690	25829	24104	0.0008370
26.757	1821	87	1920	0.0005550	25753	24019	0.0006160
26.760	1745	174	1920	0.0010520	25677	24194	0.0011220
26.772	1754	175	1920	0.0007670	25774	24195	0.0008370
26.775	1852	88	1920	0.0014500	25872	24107	0.0015250
26.779	1774	177	1920	0.0011560	25794	24285	0.0012260
26.783	1784	178	1920	0.0007990	25892	24287	0.0008690
26.788	1883	89	1920	0.0006000	25991	24198	0.0006620
26.791	1804	180	1920	0.0010460	25912	24379	0.0011160
26.795	1813	181	1920	0.0017470	26012	24380	0.0018210
26.799	1823	182	1920	0.0010730	26021	24472	0.0011420
26.811	1832	183	1920	0.0008360	26122	24473	0.0009070
26.815	1842	184	1920	0.0010700	26132	24566	0.0011410
26.818	1851	185	1920	0.0008030	26233	24567	0.0008730
26.822	1861	186	1920	0.0010630	26243	24661	0.0011320
26.825	1870	187	1920	0.0007960	26346	24662	0.0008650
26.829	1880	188	1920	0.0010890	26355	24757	0.0012730
26.833	1889	189	1920	0.0011860	26459	24758	0.0012580
26.837	1899	190	1920	0.0062600	26468	24854	0.0063320
26.848	1908	191	1920	0.0008080	26573	24855	0.0008770
26.859	1918	96	1920	0.0010390	26582	24952	0.0011070
26.863	1735	96	1920	0.0006470	26591	24953	0.0008030
26.870	1743	97	1920	0.0008610	26599	25050	0.0009320
26.875	1667	102	1920	0.1496660	26620	15199	0.1508920
27.071	1689	104	1984	0.0015400	16888	15596	0.0016150
27.076	1871	98	1984	0.0011640	17363	15793	0.0012310
27.101	1833	99	1984	0.0006050	17528	15794	0.0006680
27.105	1783	99	1984	0.0008500	17479	15894	0.0009220
27.108	1890	99	1984	0.0032310	17685	16093	0.0033030
27.140	1799	100	1984	0.0006210	17793	16094	0.0006850
27.147	1807	100	1984	0.0007100	17802	16195	0.0007770
27.161	1714	101	1984	0.0009510	17809	16296	0.0010240
27.164	1722	101	1984	0.0008190	17917	16398	0.0008890
27.167	1729	101	1984	0.0008110	18026	16500	0.0008800
27.182	1736	102	1984	0.0008050	18135	16603	0.0008770
27.186	1743	102	1984	0.0009250	18244	16706	0.0009950
27.189	1750	103	1984	0.0008150	18354	16810	0.0010100
27.208	1757	103	1984	0.0008570	18464	16914	0.0009250
27.220	1765	103	1984	0.0007990	18575	17018	0.0008650
27.227	1772	104	1984	0.0007230	18686	17123	0.0008620
27.236	1779	104	1984	0.0008060	18798	17228	0.0008730
27.253	1786	105	1984	0.0008300	18910	17334	0.0009000
27.263	1889	116	1984	0.0005750	19118	17345	0.0006350
27.272	1902	33	1984	0.0006310	19131	17367	0.0006930
27.287	1819	14	1984	0.0004120	19153	17349	0.0004690
27.296	1788	35	1984	0.0004380	19123	17369	0.0004940
27.312	1815	60	1984	0.0004900	19149	17394	0.0005510
27.321	1848	66	1984	0.0005880	19182	17401	0.0006500
27.324	1845	72	1984	0.0005670	19179	17407	0.0006270
27.337	1846	52	1984	0.0004740	19180	17386	0.0005330
27.357	1842	83	1984	0.0004930	19177	17418	0.0005520
27.365	1870	59	1984	0.0004620	19204	17393	0.0005180
27.377	1820	93	1984	0.0005240	19155	17427	0.0005830
27.381	1878	97	1984	0.0005410	19212	17431	0.0006020
27.384	1863	34	1984	0.0005020	19197	17368	0.0005620
27.388	1803	105	1984	0.0006110	19137	17440	0.0006750
27.400	1870	36	1984	0.0004640	19204	17371	0.0005220
27.417	1826	37	1984	0.0004570	19160	17372	0.0005160
27.422	1771	78	1984	0.0004980	19105	17412	0.0005570
27.427	1824	80	1984	0.0006180	19158	17414	0.0006800
27.435	1836	41	1984	0.0004500	19170	17375	0.0005070
27.447	1761	84	1984	0.0005330	19095	17419	0.0005920
27.453	1805	87	1984	0.0006440	19139	17421	0.0007070
27.464	1849	89	1984	0.0005540	19184	17423	0.0006140
27.477	1848	45	1984	0.0005460	19182	17380	0.0006080
27.485	1752	93	1984	0.0005430	19086	17427	0.0006040
27.499	1883	142	1984	0.0006120	19217	17476	0.0006750
27.505	1922	48	1984	0.0005200	19256	17382	0.0005810
27.514	1814	49	1984	0.0005440	19149	17383	0.0006050
27.522	1799	151	1984	0.0006400	19133	17485	0.0007030
27.532	1882	102	1984	0.0005020	19216	17436	0.0005590
27.536	1864	156	1984	0.0006510	19198	17490	0.0007170
27.544	1948	106	1984	0.0005430	19282	17440	0.0006030
27.553	1820	107	1984	0.0006650	19155	17442	0.0007270
27.557	1849	109	1984	0.0006250	19183	17443	0.0006880
27.560	1878	111	1984	0.0006180	19212	17445	0.0006790
27.564	1850	56	1984	0.0004770	19184	17390	0.0005340
27.567	1820	171	1984	0.0007400	19155	17505	0.0008070
27.570	1903	116	1984	0.0006240	19237	17450	0.0006860
27.574	1871	176	1984	0.0007620	19205	17510	0.0008300
27.577	1955	119	1984	0.0006410	19289	17453	0.0007290
27.587	1801	120	1984	0.0006190	19135	17455	0.0006820
27.590	1823	122	1984	0.0006350	19157	17456	0.0006970
27.594	1845	123	1984	0.0005810	19179	17458	0.0006430
27.598	1867	125	1984	0.0006090	19202	17459	0.0006720
27.601	1889	126	1984	0.0006780	19224	17461	0.0007420
27.604	1912	128	1984	0.0006410	19246	17462	0.0007050
27.607	1869	64	1984	0.0005540	19203	17399	0.0006130
27.615	1825	130	1984	0.0008080	19159	17530	0.0008800
27.618	1844	132	1984	0.0006720	19244	17532	0.0008180
27.625	1863	133	1984	0.0008300	19263	17600	0.0009030
27.628	1882	135	1984	0.0007790	19349	17601	0.0008800
27.632	1902	136	1984	0.0008280	19368	17671	0.0008980
27.635	1921	137	1984	0.0007760	19456	17672	0.0008430
27.645	1801	139	1984	0.0007930	19336	17673	0.0008630
27.648	1817	140	1984	0.0006820	19352	17675	0.0007450
27.651	1834	141	1984	0.0007650	19369	17676	0.0008320
27.655	1850	142	1984	0.0006840	19385	17677	0.0007490
27.658	1867	144	1984	0.0007010	19401	17678	0.0007650
27.663	1883	145	1984	0.0006860	19418	17680	0.0007530
27.673	1900	146	1984	0.0007910	19434	17681	0.0008590
27.676	1916	147	1984	0.0006920	19451	17682	0.0007570
27.680	1933	149	1984	0.0006840	19467	17684	0.0007510
27.683	1874	75	1984	0.0005730	19408	17610	0.0006320
27.686	1814	151	1984	0.0008930	19348	17762	0.0009640
27.691	1828	152	1984	0.0006050	19438	17763	0.0006670
27.694	1919	77	1984	0.0005680	19529	17687	0.0006270
27.697	1857	155	1984	0.0008630	19467	17843	0.0009360
27.701	1871	156	1984	0.0017480	19559	17844	0.0018210
27.707	1885	157	1984	0.0009050	19573	17924	0.0009770
27.718	1898	158	1984	0.0006900	19665	17925	0.0007590
27.722	1912	159	1984	0.0009030	19679	18006	0.0009750
27.726	1926	161	1984	0.0007040	19773	18007	0.0007700
27.729	1940	162	1984	0.0009630	19787	18089	0.0010340
27.732	1872	81	1984	0.0005910	19800	18009	0.0006510
27.736	1804	164	1984	0.0007260	19731	18092	0.0007920
27.739	1815	165	1984	0.0007230	19743	18093	0.0007900
27.749	1827	166	1984	0.0007300	19755	18094	0.0007970
27.753	1838	167	1984	0.0009770	19766	18095	0.0010480
27.756	1850	168	1984	0.0007330	19778	18096	0.0007990
27.760	1862	169	1984	0.0007450	19789	18097	0.0008140
27.763	1873	170	1984	0.0007060	19801	18098	0.0007710
27.767	1885	171	1984	0.0007430	19813	18099	0.0008120
27.777	1896	172	1984	0.0008590	19824	18100	0.0009310
27.780	1908	173	1984	0.0007880	19836	18101	0.0008570
27.784	1920	174	1984	0.0007500	19847	18102	0.0008160
27.787	1931	176	1984	0.0007620	19859	18103	0.0008290
27.791	1943	177	1984	0.0007580	19871	18104	0.0008250
27.794	1954	178	1984	0.0008500	19882	18105	0.0009180
27.805	1966	179	1984	0.0008560	19894	18106	0.0009270
27.808	1888	90	1984	0.0005930	19815	18017	0.0006540
27.812	1808	181	1984	0.0009240	19736	18199	0.0009930
27.815	1818	182	1984	0.0007860	19836	18200	0.0008540
27.819	1919	91	1984	0.0006000	19937	18109	0.0006600
27.822	1838	184	1984	0.0010140	19856	18294	0.0010850
27.826	1847	185	1984	0.0007750	19957	18295	0.0008420
27.829	1950	93	1984	0.0006090	20060	18203	0.0006710
27.833	1867	187	1984	0.0010580	19977	18390	0.0011280
27.836	1877	188	1984	0.0059170	20080	18391	0.0059920
27.847	1886	188	1984	0.0009840	20090	18487	0.0010550
27.851	1896	189	1984	0.0007780	20194	18488	0.0008480
27.854	1905	190	1984	0.0010160	20203	18584	0.0010870
27.858	1915	191	1984	0.0007870	20308	18585	0.0008560
27.862	1924	96	1984	0.0010320	20318	18682	0.0011030
27.872	1837	96	1984	0.0006760	20423	18780	0.0007400
27.875	1846	97	1984	0.0010580	20529	18975	0.0011280
27.879	1855	97	1984	0.0008360	20733	19073	0.0009090
27.883	1864	98	1984	0.0010520	20840	19270	0.0011230
27.887	1873	98	1984	0.0007840	21045	19369	0.0008540
27.891	1882	99	1984	0.0010760	21153	19568	0.0011460
27.901	1792	99	1984	0.0007180	21261	19568	0.0007830
27.905	1800	100	1984	0.0011010	21269	19669	0.0011720
27.908	1707	100	1984	0.0008440	21276	19770	0.0009140
27.912	1714	101	1984	0.0007730	21384	19871	0.0008390
27.915	1722	101	1984	0.0008470	21492	19973	0.0009160
27.919	1729	101	1984	0.0008170	21601	20075	0.0008850
27.922	1736	102	1984	0.0008290	21710	20178	0.0008980
27.926	1743	102	1984	0.0008320	21819	20281	0.0009000
27.929	1750	103	1984	0.0008320	21929	20385	0.0009000
27.933	1757	103	1984	0.0059710	22039	20489	0.0060440
27.943	1765	103	1984	0.0008470	22150	20593	0.0009170
27.947	1772	104	1984	0.0008460	22261	20698	0.0009160
27.950	1779	104	1984	0.0008090	22373	20803	0.0008750
27.954	1786	105	1984	0.0009510	22485	20908	0.0010210
27.958	1889	116	1984	0.0007180	22693	20920	0.0007770
27.961	1902	33	1984	0.0008490	22706	20942	0.0009150
27.964	1819	14	1984	0.0004830	22728	20924	0.0005420
27.974	1788	35	1984	0.0005220	22697	20944	0.0005820
27.977	1815	60	1984	0.0005950	22724	20969	0.0006570
27.981	1848	66	1984	0.0005290	22757	20976	0.0005900
27.984	1845	72	1984	0.0005770	22754	20982	0.0006360
27.987	1846	52	1984	0.0005420	22755	20961	0.0006020
27.990	1842	83	1984	0.0005880	22752	20992	0.0006480
27.993	1870	59	1984	0.0005790	22779	20968	0.0006390
28.003	1820	93	1984	0.0006130	22730	21002	0.0006770
28.006	1878	97	1984	0.0006320	22787	21006	0.0006940
28.010	1863	34	1984	0.0004840	22772	20943	0.0005420
28.013	1803	105	1984	0.0006610	22712	21015	0.0007250
28.016	1870	36	1984	0.0005140	22779	20946	0.0005720
28.020	1826	37	1984	0.0005200	22735	20947	0.0005810
28.023	1771	78	1984	0.0005810	22680	20987	0.0006400
28.033	1824	80	1984	0.0006160	22733	20989	0.0006790
28.036	1836	41	1984	0.0005230	22745	20950	0.0005830
28.040	1761	84	1984	0.0005930	22670	20994	0.0006550
28.043	1805	87	1984	0.0005920	22714	20996	0.0006520
28.046	1849	89	1984	0.0006070	22759	20998	0.0006690
28.049	1848	45	1984	0.0005270	22757	20954	0.0005870
28.052	1752	93	1984	0.0006130	22661	21002	0.0007140
28.063	1883	142	1984	0.0006920	22792	21051	0.0007590
28.066	1922	48	1984	0.0005380	22831	20957	0.0006000
28.070	1814	49	1984	0.0005140	22724	20958	0.0005730
28.073	1799	151	1984	0.0007630	22708	21060	0.0008300
28.076	1882	102	1984	0.0014600	22791	21011	0.0016120
28.080	1864	156	1984	0.0007600	22773	21065	0.0008340
28.091	1948	106	1984	0.0006050	22857	21015	0.0006680
28.094	1820	107	1984	0.0007850	22729	21017	0.0008540
28.098	1849	109	1984	0.0006270	22758	21018	0.0006910
28.102	1878	111	1984	0.0006230	22787	21020	0.0006850
28.105	1850	56	1984	0.0005790	22759	20965	0.0006390
28.110	1820	171	1984	0.0007270	22730	21080	0.0007930
28.114	1903	116	1984	0.0006080	22812	21025	0.0006690
28.118	1871	176	1984	0.0008370	22780	21085	0.0009040
28.121	1955	119	1984	0.0006460	22864	21028	0.0007830
28.125	1801	120	1984	0.0074750	22710	21030	0.0075480
28.138	1823	122	1984	0.0006400	22732	21031	0.0007030
28.141	1845	123	1984	0.0007940	22754	21033	0.0008620
28.144	1867	125	1984	0.0006690	22777	21034	0.0007330
28.148	1889	126	1984	0.0006950	22799	21035	0.0007620
28.159	1912	128	1984	0.0006540	22821	21037	0.0007200
28.162	1869	64	1984	0.0005700	22778	20974	0.0006310
28.165	1825	130	1984	0.0008730	22734	21105	0.0009440
28.178	1844	132	1984	0.0006760	22819	21107	0.0007420
28.182	1863	133	1984	0.0007970	22838	21175	0.0008650
28.185	1882	135	1984	0.0007230	22924	21176	0.0007880
28.189	1902	136	1984	0.0008450	22943	21246	0.0009160
28.200	1921	137	1984	0.0006890	23030	21247	0.0007550
28.203	1801	139	1984	0.0006840	22911	21248	0.0007490
28.207	1817	140	1984	0.0006900	22927	21250	0.0007570
28.211	1834	141	1984	0.0007930	22943	21251	0.0008600
28.214	1850	142	1984	0.0007070	22960	21252	0.0007750
28.219	1867	144	1984	0.0006930	22976	21253	0.0007590
28.229	1883	145	1984	0.0007110	22993	21255	0.0007770
28.232	1900	146	1984	0.0007170	23009	21256	0.0010030
28.237	1916	147	1984	0.0006710	23026	21257	0.0007350
28.240	1933	149	1984	0.0007080	23042	21258	0.0007740
28.244	1874	75	1984	0.0006810	22983	21185	0.0007430
28.248	1814	151	1984	0.0008930	22923	21337	0.0009660
28.258	1828	152	1984	0.0007160	23013	21338	0.0007850
28.261	1919	77	1984	0.0005880	23104	21262	0.0006800
28.265	1857	155	1984	0.0016890	23042	21418	0.0017620
28.269	1871	156	1984	0.0006830	23134	21419	0.0007480
28.272	1885	157	1984	0.0010640	23148	21499	0.0011360
28.277	1898	158	1984	0.0008440	23240	21500	0.0009150
28.287	1912	159	1984	0.0009310	23254	21581	0.0010020
28.291	1926	161	1984	0.0007230	23348	21582	0.0007900
28.295	1940	162	1984	0.0009130	23362	21664	0.0009850
28.300	1872	81	1984	0.0008570	23375	21584	0.0009270
28.304	1804	164	1984	0.0007510	23306	21667	0.0008180
28.314	1815	165	1984	0.0007370	23318	21668	0.0008050
28.318	1827	166	1984	0.0007220	23330	21669	0.0007890
28.321	1838	167	1984	0.0007280	23341	21670	0.0010850
28.325	1850	168	1984	0.0008170	23353	21671	0.0008850
28.328	1862	169	1984	0.0007470	23364	21672	0.0008120
28.331	1873	170	1984	0.0007590	23376	21673	0.0008250
28.336	1885	171	1984	0.0006400	23388	21674	0.0007040
28.339	1896	172	1984	0.0007700	23399	21675	0.0008370
28.343	1908	173	1984	0.0007500	23411	21676	0.0008180
28.347	1920	174	1984	0.0007260	23422	21677	0.0007920
28.357	1931	176	1984	0.0007920	23434	21678	0.0008620
28.361	1943	177	1984	0.0010090	23446	21679	0.0010810
28.364	1954	178	1984	0.0007690	23457	21680	0.0008350
28.368	1966	179	1984	0.0007690	23469	21681	0.0008360
28.371	1888	90	1984	0.0006220	23390	21592	0.0006830
28.375	1808	181	1984	0.0008550	23311	21774	0.0009310
28.389	1818	182	1984	0.0007760	23411	21775	0.0008470
28.393	1919	91	1984	0.0007430	23512	21684	0.0008090
28.396	1838	184	1984	0.0009850	23431	21869	0.0010570
28.400	1847	185	1984	0.0008930	23532	21870	0.0009610
28.404	1950	93	1984	0.0015150	23635	21778	0.0015860
28.408	1867	187	1984	0.0011680	23552	21965	0.0012390
28.412	1877	188	1984	0.0007940	23655	21966	0.0008620
28.416	1886	188	1984	0.0011600	23665	22062	0.0012300
28.430	1896	189	1984	0.0007900	23769	22063	0.0008610
28.433	1905	190	1984	0.0012680	23778	22159	0.0013390
28.437	1915	191	1984	0.0008170	23883	22160	0.0008870
28.440	1924	96	1984	0.0077860	23893	22257	0.0078590
28.451	1837	96	1984	0.0007900	23998	22355	0.0008580
28.455	1846	97	1984	0.0009120	24104	22550	0.0009790
28.459	1855	97	1984	0.0008230	24308	22648	0.0008910
28.463	1864	98	1984	0.0010650	24415	22845	0.0011370
28.466	1873	98	1984	0.0008250	24620	22944	0.0008930
28.477	1882	99	1984	0.0010400	24728	23143	0.0011100
28.481	1792	99	1984	0.0006320	24836	23143	0.0007160
28.485	1800	100	1984	0.0008480	24844	23244	0.0009190
28.488	1707	100	1984	0.0008540	24851	23345	0.0009210
28.491	1714	101	1984	0.0008520	24959	23446	0.0009200
28.496	1722	101	1984	0.0008500	25067	23548	0.0009190
28.499	1729	101	1984	0.0008390	25176	23650	0.0009080
28.503	1736	102	1984	0.0008470	25285	23753	0.0009160
28.506	1743	102	1984	0.0008370	25394	23856	0.0009050
28.518	1750	103	1984	0.0008210	25504	23960	0.0008870
28.522	1757	103	1984	0.0008510	25614	24063	0.0009200
28.525	1765	103	1984	0.0009010	25725	24168	0.0009700
28.529	1772	104	1984	0.0011040	25836	24273	0.0011780
28.532	1779	104	1984	0.0008970	25948	24378	0.0009660
28.536	1786	105	1984	0.0008620	26060	24483	0.0009300
38.865	1896	118	1984	0.0012400	26275	24496	0.0013050
